0	2.9274
3105	3.6740
4358	2.9272
1271	3.4389
5336	2.6057
1	1.9464
9	3.3479
4359	2.1932
14	2.6982
2834	2.1904
2823	2.3098
2824	2.3896
2838	4.1743
2825	2.7154
4114	2.7596
2	1.6609
3	3.9638
4360	1.7629
2826	2.5480
4363	2.1985
1594	3.5266
2827	2.8443
4	2.9962
2828	3.5266
32	2.7801
1353	3.9508
6	1.8548
7	3.0609
1354	1.8664
2801	1.9464
1355	1.8548
2865	2.9274
2829	2.2673
10	2.9604
1252	2.5480
11	2.3678
12	1.9464
1346	3.1367
13	2.6260
2874	3.9601
460	3.3034
2832	2.4470
1357	2.5550
2879	2.6545
2881	2.3212
4365	1.5631
3607	1.9012
1359	2.5334
4386	2.2284
4937	1.8822
4366	3.2848
4367	2.7596
1360	2.8471
15	3.1097
4368	3.5442
3608	2.4316
1361	3.1052
1362	2.9424
5312	2.4572
2833	2.3403
16	3.8936
4539	3.4389
85	1.8295
2259	2.2553
4371	3.6205
2909	2.7596
2911	2.5649
4372	1.5556
1363	3.1212
1364	1.8717
4373	1.7536
4374	1.9464
5060	1.7457
1365	1.4577
18	2.2284
103	2.8916
20	3.0245
2839	3.7686
2840	3.4812
2841	2.0517
2842	4.2639
21	2.9604
2940	1.8822
2843	3.4382
1366	3.1365
4376	3.4389
2844	2.8627
126	3.2577
22	2.9604
23	2.3314
1298	3.1464
858	4.6532
4378	2.2341
4361	3.5202
1368	2.9068
2845	3.5419
2846	2.3103
24	2.5367
2847	2.2492
1369	3.0475
1370	3.5442
2849	2.9358
4379	2.5649
4380	2.0878
4381	3.0755
25	3.1464
1372	3.8936
1373	2.0870
2850	1.9464
26	1.8717
4382	4.6044
4383	3.1464
4384	3.3911
27	3.4659
4849	2.5551
28	2.6396
2852	3.6740
2983	3.2685
166	2.3747
4385	1.8438
30	1.7233
5	1.8353
1375	1.7764
2314	1.9464
2853	2.0949
1376	3.8435
2855	2.7187
33	2.5551
1378	1.7504
5533	3.5266
1379	2.8587
1380	1.8872
204	2.9604
35	1.7378
36	1.5082
2856	2.3544
208	1.9348
2857	2.0878
4851	2.7710
3065	3.2265
4387	3.4400
2858	3.1653
37	4.1321
4388	2.2487
2020	2.8443
1381	3.5266
2859	2.8334
2860	2.1985
5591	2.8226
1382	2.5364
4999	2.9625
1383	2.2693
38	2.8319
466	2.3543
3061	2.8443
3063	3.3358
39	3.1504
2861	3.4389
1385	2.9604
1386	2.2842
4394	2.8733
4050	2.8491
1388	2.1845
1389	1.9486
4395	2.3541
3073	1.0384
3237	2.0646
40	2.0878
4396	2.2842
2864	3.3051
1391	3.5058
41	2.7093
4935	3.2685
42	2.4216
2866	1.7385
2785	2.3826
2867	2.0878
2868	2.2738
4399	2.5333
2711	2.5074
3511	1.2753
4400	3.3632
1394	2.6982
2059	2.5074
43	2.4435
992	3.1504
282	3.4389
44	4.2197
1396	2.4316
4402	3.0757
45	1.9464
1397	1.5786
1398	2.6997
1144	3.4812
46	1.9325
2870	1.5561
4405	3.6205
670	3.6205
1400	2.3792
4406	2.4115
3147	1.7774
377	1.5085
1401	2.1590
3152	2.3180
3154	3.2265
2871	2.7950
470	3.4733
47	1.9486
2872	2.8488
1403	1.9486
48	3.4389
1404	2.7312
1405	1.9464
50	3.5724
51	2.7664
1406	2.8334
52	2.6259
4407	2.5480
5166	2.2673
336	3.0334
1842	3.8444
4409	3.5442
54	2.0870
4410	3.3828
2875	2.8422
1408	1.8433
2876	3.1719
1409	1.3693
2877	2.5645
4411	2.3270
3067	2.7598
2878	2.9669
55	1.7642
4413	3.1148
4414	2.1279
1410	1.9464
57	2.9604
58	0.9179
4416	1.6587
2880	2.6548
1411	3.4389
1412	2.2928
61	2.9100
62	1.9126
370	2.9523
4418	2.0878
3231	2.9621
4420	2.9774
378	3.8936
1414	2.4279
2883	2.9419
381	2.6396
2568	1.9464
2884	3.2382
3245	2.7373
1416	3.4527
4423	2.5150
4424	2.0800
1603	2.1287
4425	2.4533
67	2.4560
2071	2.0111
4426	3.0334
68	1.5770
1418	3.6724
1419	2.3414
1420	1.6650
2887	2.8199
1421	3.1148
2888	2.7801
1423	3.1097
1424	3.3479
69	2.0053
70	2.6795
71	2.9774
2889	2.4722
2598	3.0674
72	2.7046
4431	3.8435
1425	2.0381
4433	3.2265
73	2.7449
4434	3.5419
1426	1.9464
2322	3.5442
74	3.3476
2890	2.1534
1427	3.3724
2891	4.6044
3294	3.5546
3295	2.6523
75	2.3541
4436	2.6167
3886	2.9215
1428	1.8713
76	1.9464
2894	2.9672
1429	2.7073
4438	1.8976
2896	2.5480
77	4.1321
78	2.3544
4439	3.0674
2897	2.6055
3324	3.1785
5370	2.5334
79	3.4854
5541	2.3249
2898	2.1740
4440	3.3912
1432	1.9464
4441	2.9774
2323	3.5058
1589	3.6740
80	2.5480
3343	3.4530
4442	2.3541
1434	2.8126
2899	2.0664
1436	1.5897
81	3.5405
1437	1.8438
4444	1.7877
4445	2.5880
3352	3.4527
3353	1.8714
82	3.4812
4446	1.3198
2901	3.0438
4447	1.9359
2902	1.8438
83	3.6740
84	2.0381
2836	2.8515
476	3.6236
2903	2.8334
1440	3.6212
5338	4.2478
2905	1.6374
4448	2.9424
2290	2.2530
1441	3.1345
2906	3.4530
2907	2.0161
86	2.0800
5477	3.3914
1442	2.6280
1609	2.5868
87	2.6980
88	2.2792
2326	1.9613
2910	2.2341
90	2.5647
2912	2.7192
4449	2.8806
4281	1.9688
2913	2.4467
92	1.8555
1443	2.9213
3400	2.9604
1444	2.4496
3401	2.0441
4450	2.0372
2914	2.4719
4452	3.0472
1445	2.3541
1446	2.4496
4453	1.5671
93	2.2342
94	3.5419
1447	3.5442
95	3.6705
96	2.8063
3427	1.5068
2915	3.3828
4456	3.3516
187	4.6044
4457	1.2125
1448	2.1047
3622	2.1985
5254	3.0345
4865	2.8793
3722	3.6205
1451	3.5202
3449	1.9735
797	2.5219
98	4.0448
3456	2.7596
5071	1.9464
5371	2.9695
533	3.3727
4459	2.8334
99	2.0639
5545	3.0758
2917	3.5266
100	2.9859
4460	3.0345
2918	1.8787
101	3.7686
102	2.4581
549	2.9604
34	3.5418
5339	2.4216
1207	2.6545
2919	2.0394
1453	1.9361
3693	2.3103
4463	1.3693
1613	3.9508
4465	2.1590
3497	2.8126
19	2.5570
4466	3.4389
1454	2.0259
3393	2.3541
1455	3.3727
1456	1.6990
4375	1.8433
911	1.8822
5547	2.2205
2921	3.2005
2922	2.1287
2923	2.5649
1067	2.9286
1457	3.3476
1458	2.1590
1459	1.4733
105	2.0878
1460	2.3580
1461	3.0258
106	1.7712
324	2.8443
108	2.7093
1462	3.3034
4467	3.7686
109	2.7458
1614	2.6396
110	3.2565
111	3.4902
112	2.5480
2927	2.7295
1463	2.9809
1392	2.2341
5548	3.7686
113	2.9950
1465	2.6259
114	3.1367
1466	2.7596
3336	2.0664
3563	3.1367
4475	1.5282
2928	2.0161
2929	2.8931
2930	2.5081
294	3.2577
2931	1.8548
4477	2.8934
4478	2.9774
634	2.3544
4479	3.0674
115	1.0634
2932	1.9464
1287	2.2204
2933	2.8851
2885	2.5334
4480	3.7686
116	3.6205
1468	2.4433
4482	2.7093
2934	3.5572
2935	1.9464
2936	1.6609
2937	2.1006
453	3.3727
2938	1.3584
4483	3.8936
118	3.2526
2941	2.6982
119	2.0878
120	2.0878
2942	3.0334
2943	1.5000
4485	3.0345
4486	1.6763
4487	2.0878
5549	2.9604
2944	1.8436
2945	3.2005
5352	2.2673
121	2.2565
4488	2.4435
4489	4.4502
1469	3.1329
122	2.3389
2948	2.9394
1470	2.6624
2949	2.9604
4491	3.2265
4492	2.0486
2162	3.7686
3635	2.5334
4493	2.4411
123	3.5266
2950	1.5410
124	2.2341
2951	2.1862
1471	2.3541
125	2.7596
3648	2.1845
2952	2.4649
5553	3.7089
4495	2.8488
4377	2.2342
2953	3.2578
1472	3.9112
4496	3.2005
3816	3.4389
2335	1.9616
3654	2.7596
2955	2.1199
127	2.0485
2956	3.0755
129	2.0878
5554	2.1773
1474	3.4530
1475	3.0463
4837	2.8371
4498	2.6795
1141	2.7596
3833	1.8333
1476	1.2618
4499	2.0161
2958	1.9884
479	2.5334
2959	2.9625
4500	3.7177
130	1.8107
3688	1.4118
5719	2.7936
1478	1.0893
4502	3.4389
3694	2.7596
131	2.0646
132	2.4722
2039	3.1148
133	2.5226
4505	4.1461
2960	1.9464
3709	2.1287
1481	3.6147
3084	1.8822
4508	2.2928
1482	2.0517
4510	2.3003
621	1.9055
1483	1.9464
2962	3.2005
1484	3.4458
2963	3.4664
258	1.3868
134	2.2673
4511	2.6585
135	1.9464
259	2.7577
1486	2.8750
1487	2.7596
136	2.6700
4653	3.4917
1488	2.3824
2964	2.8488
4512	2.0664
4513	2.6396
2966	1.9464
1489	3.0438
2967	3.7686
4514	2.2877
4531	3.6621
1490	1.7385
4515	2.3657
137	2.3671
4516	2.1889
260	1.9259
1493	2.9135
138	3.0220
139	1.2719
4518	2.7483
1494	1.6824
1371	2.2301
140	3.7686
4519	2.0878
1496	2.3824
4137	2.2301
141	2.3285
2969	2.7596
4520	2.9604
1497	2.7592
142	3.4812
4521	2.0878
3091	1.6824
1498	2.5480
262	2.5645
1203	3.2389
1499	3.5708
845	3.5442
1500	4.6044
4523	2.0878
4524	3.2151
1501	3.6212
1502	3.5419
3508	3.7686
1503	2.3180
2648	1.5411
2973	2.2842
4626	1.9464
144	2.7596
3094	1.4913
1505	3.3727
145	2.3414
3848	1.9464
3855	2.9604
2974	2.8793
147	2.2284
5560	1.7967
149	1.2240
3462	3.0433
4527	2.7312
4528	3.0549
1506	1.6432
4529	3.3562
2976	1.6811
1507	2.9604
1620	1.7790
2037	1.2228
1508	1.9464
151	2.7596
1510	2.8587
2198	2.4533
1511	2.4657
153	3.2299
154	1.7860
2851	2.7596
3894	1.9464
4532	2.9604
156	3.2265
2977	1.7421
2978	2.0878
3381	2.2341
4533	2.7534
158	3.2694
939	3.8435
4534	3.1148
1514	2.9604
4535	2.1287
4536	1.9477
2979	1.9464
1515	2.1696
159	2.2673
3028	3.2848
2980	2.5367
958	2.6396
4030	3.0245
1247	3.8435
1622	2.0878
1517	2.0878
2981	1.1617
161	2.6795
5413	2.3363
162	2.4435
163	2.4925
265	1.8822
164	2.0667
974	2.7073
3102	2.5441
2986	1.5068
4538	2.0049
3498	3.3632
1520	2.5611
3950	1.8548
167	2.9604
1521	4.2197
3952	2.4124
2835	2.0878
1522	2.0478
4540	2.8959
3899	2.0667
2018	2.1876
4541	2.8211
2988	3.0755
1808	3.1148
1523	2.6397
4542	2.9274
168	1.6824
2615	3.2650
1524	2.6981
169	2.7312
1525	3.2848
1526	4.1461
171	2.1083
2993	4.6044
1019	2.1559
1527	3.2776
4544	3.6204
3637	1.6824
2995	2.0878
173	2.5566
5562	2.5480
1528	2.8426
1032	1.9464
2996	2.8014
2347	2.2673
3990	1.5068
1529	2.4237
421	2.6669
1530	4.6532
4060	3.5419
1058	2.3414
2997	2.9272
174	1.8107
5561	3.0345
2998	1.6148
4546	2.8527
2999	2.9274
1053	3.5419
1055	2.6395
176	1.7642
3902	2.1984
1531	3.8832
4547	2.2341
4548	2.4435
177	2.1425
1374	4.6044
178	3.5175
3001	2.3414
3002	2.1594
1533	1.6824
180	2.6793
4550	3.7643
1534	2.3826
3004	3.4389
4551	2.8916
1535	2.5334
4877	3.0757
182	3.5419
183	2.0951
1793	2.2995
184	1.5924
4553	2.8587
1536	2.5480
1537	2.7950
5633	3.6443
3006	2.7596
4554	2.4564
4555	2.4496
1538	3.0755
1539	2.8851
2350	2.5649
1540	2.2284
185	2.5334
4556	2.7074
1625	2.5364
4066	2.6039
4557	2.1287
1541	3.4812
1542	1.5672
1543	2.8426
4559	3.2577
186	1.9120
1544	2.7458
1545	4.1989
4560	3.7266
1546	1.8620
4085	2.9604
188	1.6587
189	1.8660
267	2.0664
4562	2.6103
3008	2.5364
190	3.5442
1547	1.6587
4095	2.0878
5178	2.9137
3010	1.3763
3011	3.0472
1548	1.9464
4105	2.5586
2352	1.9464
3012	3.3034
4566	2.8488
937	3.0472
1549	2.2877
4567	2.9809
5564	2.6396
191	3.3724
3015	2.0664
4568	2.5084
3016	3.8097
3017	2.2565
192	3.7686
1148	1.9464
4570	2.3743
2353	3.3727
4571	2.9419
3018	2.5649
3020	1.8064
3021	2.6396
4134	2.6982
2397	2.3544
195	2.6037
1550	3.1148
1162	1.4764
5096	2.4435
196	3.7686
1553	3.4389
1554	3.5419
483	2.2758
197	3.7686
198	1.8288
199	2.6702
4575	2.1031
3025	3.1504
3026	2.4316
1555	1.7229
201	1.9464
1556	2.6103
4576	2.9604
4639	2.7596
2053	2.5480
3029	2.3031
1557	3.3259
203	2.9505
1193	2.2490
1558	2.8126
4578	2.5226
1195	2.7596
1950	4.6044
4579	2.5334
205	3.6212
1560	1.8548
4580	3.5058
3030	1.7923
5567	2.5944
1561	3.1367
206	2.5334
3032	2.0667
207	3.4527
1562	2.6545
3110	2.8211
4581	2.7093
4582	3.1504
4191	2.1920
3033	3.4380
1564	2.3743
5681	2.7373
1565	2.9604
1566	2.0517
4584	2.6620
4205	3.5442
1567	3.3727
4586	2.6396
3034	1.6609
5619	2.5364
1221	2.5441
210	1.9251
211	2.8631
212	2.9950
4587	3.1472
4226	2.3482
213	2.5364
3035	2.5226
4588	2.8510
1171	3.5419
1569	3.9508
1570	2.6505
2358	2.3664
1172	3.9508
1572	3.0334
1573	3.3974
1574	2.7596
216	2.6396
3037	3.0334
3038	3.1144
1251	2.3541
1575	1.9464
1576	3.5266
3562	3.5546
3039	2.7373
3040	1.9361
4591	2.2948
218	2.5334
4592	1.9464
1577	3.5442
3042	1.8548
4593	3.5443
219	1.8184
4265	3.3828
1579	1.9348
1260	3.6205
3912	3.2580
4267	2.9604
221	1.9825
1580	2.0441
222	2.7596
4273	2.2341
4275	2.9700
3043	2.5334
3044	3.2265
3045	2.8271
3046	3.3727
4594	2.8488
1581	4.1743
4390	4.6532
4725	2.2341
1174	3.4530
4595	2.4316
225	1.7946
226	2.7596
1294	1.0106
1583	3.0472
1584	1.7595
3048	3.2929
5092	3.4389
4391	3.0114
5570	2.2065
228	3.1367
229	2.3747
1288	2.4435
4596	2.1425
3050	2.6795
1585	1.9464
1586	2.8161
230	3.3270
1587	2.1727
231	2.8860
232	2.6545
1322	2.5738
4597	2.3549
4328	3.3188
4598	1.9477
3915	2.2341
2029	2.8269
338	3.2275
3054	3.6205
1590	1.9464
1591	2.2673
233	3.7177
1592	3.3940
234	3.2181
3055	2.5074
3444	3.1148
3056	1.4688
235	3.0438
3057	2.1403
3058	2.6982
3059	2.1006
1593	2.0878
4601	2.4701
4602	1.8548
237	3.9508
238	3.4389
4604	1.9464
1595	2.1199
3062	2.4112
239	3.6212
5290	1.8548
1966	3.8936
4606	3.7686
240	3.4389
1596	2.7910
241	2.5545
1173	1.9361
3064	2.8269
4607	3.3828
488	2.7598
1598	1.8548
4156	3.2005
4608	2.7596
243	2.0949
3066	2.8328
1600	2.3824
908	3.2005
1390	2.3403
1601	2.5719
4609	3.4389
4610	2.0234
244	1.6100
3047	2.8210
245	2.5907
4611	3.6881
4612	3.1653
3068	2.9774
1602	2.9809
4913	2.2790
2207	2.7596
1604	2.2016
3069	1.8433
4613	2.7596
1605	3.1653
248	2.3826
4614	1.6179
4443	3.6205
2862	3.0757
1606	1.9464
4615	3.4389
1607	2.0416
1608	2.2673
3070	3.3727
3071	2.1287
1610	2.9511
1611	1.8436
1612	1.6597
249	2.6396
4616	2.5441
4617	2.9274
3074	1.7385
4464	2.0667
3075	2.2673
250	2.6158
4619	3.1367
251	3.2158
4620	4.6044
3076	3.7177
3078	2.7410
2365	4.0816
255	2.5219
3079	4.1461
714	2.4722
3080	2.7596
4622	2.4914
3081	1.9477
3082	2.9765
1616	2.2842
4497	3.7686
256	3.2737
2863	2.1083
1617	2.3102
1618	3.7266
3083	3.8333
4623	3.5419
4507	2.5219
5002	2.0943
3086	2.4496
3087	2.0878
3088	2.0261
4625	4.6044
5759	2.2493
4517	2.6748
3089	3.1148
3090	2.9604
261	1.9864
3092	1.9464
1619	2.5480
263	3.4389
3093	2.3103
264	2.6260
3095	2.9215
4627	3.0327
3096	3.1211
5105	2.5250
4629	3.7686
3097	2.0111
3098	3.6205
1621	1.8285
4630	1.5410
3099	3.7266
3100	2.9809
3101	2.8211
4632	2.6066
1623	2.2842
4397	3.2265
3103	2.6804
4633	3.8079
3104	2.7880
510	2.2749
5645	2.5480
1624	2.5325
4634	1.6815
4635	3.0815
4648	2.7878
266	3.3727
3106	2.3431
4884	2.0878
4398	3.8936
3107	2.9669
4572	3.8435
4637	1.4764
3108	3.1367
3109	2.1425
4638	1.8433
4577	3.1367
5437	2.0664
268	4.3655
744	2.4533
322	3.8520
3111	1.7593
269	2.4381
1626	3.2005
270	2.0111
1627	3.0345
2093	2.5334
4641	3.5419
271	3.3479
3112	2.8328
4642	1.7514
4643	2.8014
3113	2.3180
3114	3.1211
3115	3.0757
4605	2.2010
3116	2.0379
3117	3.6205
272	2.0129
2908	2.5334
3119	3.8079
3120	3.5419
4647	2.2928
273	2.3180
1615	3.3479
5110	3.3479
1631	2.6764
3121	2.0878
3122	1.8499
1762	3.0674
274	3.1367
3123	2.9274
1632	1.7385
275	1.3947
876	3.2299
1633	3.2005
551	2.3541
3125	2.7596
2452	2.1439
276	2.5367
387	1.5770
1871	1.6568
4649	2.9604
3920	3.2426
277	1.9977
4650	2.0372
3128	2.0878
278	3.5419
957	2.5367
3130	2.5367
1634	3.0594
1635	2.4653
4651	2.7950
279	2.9604
1636	3.3034
280	1.7923
281	3.1148
4664	2.0526
3129	2.0517
1637	1.0368
283	2.9171
5577	2.6396
285	2.7410
1395	2.7596
3922	1.8433
4680	2.3403
3132	2.6103
4401	1.7930
1640	2.0517
287	3.5752
1641	2.0878
4655	3.3059
288	2.1683
289	1.9123
290	2.3743
291	1.6609
4656	3.6060
1642	2.7093
1643	1.7233
292	3.1367
2473	2.7410
1687	1.8433
293	3.1148
3135	1.6482
3136	2.6396
4657	2.3414
4658	1.7385
5335	4.1461
1645	3.1504
4660	3.0674
1328	2.9604
296	3.0463
3137	3.6205
297	3.1464
3138	1.7385
1646	2.0478
1703	2.5074
1706	2.0878
1647	2.7801
1648	2.0129
298	3.6205
3139	2.3212
3140	3.5442
4662	3.1504
3925	2.8914
299	2.2282
300	4.1461
1649	2.0218
1650	2.7801
4663	2.1999
301	1.7183
3141	2.4435
3142	1.7632
302	2.8371
303	2.7373
3143	2.5653
1399	2.5550
304	2.6239
1752	4.1321
1652	2.1287
3144	2.9809
1653	1.9325
2077	2.8490
305	1.8227
306	2.7976
3145	2.3541
3146	3.2577
1767	1.9864
4665	3.4389
4776	3.4530
498	3.5419
4666	3.6621
307	2.6702
3148	2.2341
3149	2.4435
1655	2.5738
3150	2.3314
309	2.0878
4668	2.6280
310	2.5480
311	2.7449
312	2.7073
4790	1.5410
1656	1.9602
1638	1.6607
1657	3.4917
4672	2.5645
313	3.5442
314	3.2181
315	1.8403
1658	2.5480
4455	3.4389
1804	4.2197
3155	2.7093
1659	1.6484
4674	1.8433
1660	3.6661
3156	1.7820
4675	2.7880
1733	2.9672
3157	4.2639
319	2.7801
1192	1.8147
1661	2.9339
3158	2.5226
286	2.2673
1662	3.0674
4677	3.2265
3159	2.7042
4678	3.2322
320	2.9274
4679	3.8435
3160	2.0716
321	3.0063
253	4.2639
4842	2.5480
4681	1.5270
3161	2.6257
1664	3.5442
4683	1.7820
1665	2.7596
2381	2.2842
4684	2.5074
3162	1.6964
323	3.7686
5112	3.1852
1667	2.5226
3164	3.7939
4685	3.4389
2523	2.7157
2382	1.3195
327	3.2669
3165	1.6860
328	2.0450
3166	2.2342
4686	1.8433
329	2.9128
4688	3.5266
1668	2.0878
1669	2.4279
3167	2.4216
4886	3.6205
4010	2.4251
330	2.0878
1671	2.7042
3168	2.6054
4690	1.8142
2641	2.6545
4654	2.9604
3169	2.7596
1672	2.5570
5586	2.5754
1674	3.3379
3170	3.7686
3171	2.8488
4692	2.0878
331	3.3122
3172	1.6587
4693	3.4400
1675	1.8433
1676	3.8159
1407	2.9542
333	1.8135
3173	3.2005
3174	2.0790
3175	2.8334
1677	3.3413
1678	4.6044
1679	1.9685
3176	3.9112
4694	2.2049
1680	1.5561
335	2.2202
4695	2.4433
3177	2.9809
1681	2.4419
3178	3.1504
4408	3.3479
3179	2.2738
1682	2.2341
337	3.4400
3133	2.4316
4697	3.2265
4698	3.5266
3180	3.1367
4893	3.1367
468	2.0878
1683	3.0225
3181	3.4389
3182	2.9604
1949	2.8916
339	2.8490
3183	2.1999
3184	3.8936
3185	3.7686
3186	3.2181
1684	2.6191
340	1.9616
1956	2.3678
1685	2.9604
3188	1.9464
3189	1.8075
1686	2.1801
3406	3.8936
3660	2.3743
341	2.5029
3190	2.7596
4700	2.4316
1688	3.0755
3134	3.1464
4701	1.7233
4574	3.3974
3192	2.9950
4168	2.0177
5115	1.5760
1982	2.0878
343	1.6317
1993	1.8548
4703	3.1464
344	2.8916
4704	2.3541
5590	1.8433
3194	1.8717
1690	2.6980
4706	3.5584
3195	3.5442
3196	2.8269
1691	3.1367
4709	1.9464
3197	2.8511
5009	2.4719
4710	2.9604
345	4.4991
1694	2.3541
4412	3.1097
3199	2.2832
4711	3.4493
1695	3.3730
5116	3.2265
1697	3.6212
3200	2.7596
4712	2.2624
346	3.2265
4713	1.6609
4714	3.5266
2023	3.3727
3201	3.0245
4659	2.6795
3202	2.5219
348	3.4084
3203	2.5334
2036	1.9464
349	2.4533
1699	2.5550
4715	2.6650
3204	2.7042
3205	1.9464
4716	3.6205
4537	3.6881
3206	3.7882
3207	1.7536
3208	2.2981
2086	2.9604
56	1.6133
353	3.2265
4501	2.7596
3209	2.1955
5600	2.0878
2057	3.0245
4717	2.6396
1702	2.8488
3210	2.6946
4661	2.7596
1704	2.6421
354	1.4017
5592	2.9274
1705	2.2341
3211	2.5649
4719	1.9688
1492	1.9464
355	1.6824
4720	3.0757
1894	2.3421
3212	2.5719
4721	2.3785
4722	2.6517
5348	3.0334
4417	4.0936
1708	1.9464
5089	4.1743
356	2.4435
357	2.4182
4723	3.4882
5121	1.3403
3213	2.5226
4724	2.4722
3214	2.4879
3215	3.2971
358	1.9123
5106	2.3541
60	2.5334
4726	2.5334
4727	2.4722
2102	2.7596
1712	3.7686
1711	2.5435
3938	2.7554
360	1.8639
361	2.2738
2112	3.2005
362	1.9165
4728	1.4146
1713	2.8524
363	1.9698
5123	4.1321
2119	3.7686
1714	2.1590
4730	2.7781
3217	2.7091
366	2.9950
3663	3.1148
367	2.2842
5132	3.4812
1716	3.8079
2137	3.1464
1717	3.8435
3220	2.1590
3221	2.3519
369	3.4907
3939	2.8031
3222	2.4316
4732	3.1815
63	1.8639
5152	2.5334
1718	2.5367
3223	3.0114
4733	1.8548
1719	2.1150
1720	1.4659
3224	4.6044
400	3.7686
1722	2.5334
3225	1.6255
3226	1.9126
3227	1.8433
1723	2.9604
2651	3.0400
372	2.0878
373	2.9604
374	2.7312
3228	3.6853
1725	2.7448
1726	1.5432
4735	1.8548
1727	2.4751
3229	1.1927
4736	3.4527
3230	1.6486
3666	3.1653
3232	2.2842
4737	3.5419
3233	3.4530
3416	1.1580
3999	2.0878
3234	2.5334
1729	3.1512
3235	1.8618
4739	3.5442
1730	2.5334
4481	2.6259
3236	2.9625
4741	2.9604
379	2.8488
1732	1.4086
3238	1.7774
4742	3.1148
2229	2.7312
5230	2.7093
380	2.4719
3241	1.9464
3242	1.6170
465	2.8793
1734	2.1287
383	3.5558
4422	3.1148
4745	2.9604
3243	3.0442
3244	2.1999
1736	3.3727
384	3.5455
2587	4.2679
2251	2.6396
4747	4.6532
1737	3.0345
385	3.7688
4748	2.9604
1415	2.0866
4749	2.4617
5263	2.1019
65	2.3086
1738	2.5645
386	3.0340
5127	2.0705
4750	3.2158
4751	2.8615
4752	2.1388
3246	3.5442
3247	2.7596
3248	3.5453
1739	1.6824
1740	3.3268
5766	1.6609
388	3.3034
5294	2.2341
3249	1.8288
390	3.5442
391	2.6751
3250	3.0674
1741	2.7042
4754	2.4851
1743	3.2580
4755	4.0126
4756	1.8548
4757	3.3727
1744	2.4216
4758	3.1653
3251	2.4533
3252	2.6545
392	1.8433
3253	2.9606
1745	3.3188
1746	2.3414
4759	3.5311
393	3.9952
3254	1.3896
1747	3.1367
1748	2.9604
1749	3.3974
5334	2.9604
2317	2.0372
394	2.5710
1753	3.6509
1754	2.0878
1755	3.0157
3255	1.4659
2233	1.7035
395	4.6044
1902	2.9274
4761	3.7289
5130	3.8435
1757	2.5250
1758	2.4722
3256	1.9464
4762	1.8841
3258	3.7686
3259	2.1479
923	2.7596
4763	2.3314
4764	3.2265
396	2.0878
2345	2.8806
1760	1.8816
398	1.7034
399	2.7596
4765	2.5334
1761	3.6705
977	1.9464
4766	2.3747
5351	2.6103
401	2.6396
979	1.4530
402	2.0878
4427	2.2973
4768	2.3541
4769	1.9464
403	2.2341
4770	2.0949
3261	2.2284
3262	2.9604
1763	3.0674
4771	3.2158
1764	1.9128
5603	1.8968
3263	1.9259
4772	2.3137
3264	3.6256
1765	2.1279
1766	3.2805
5365	2.2928
4428	1.9692
3265	1.8948
405	1.9841
2500	1.2555
1768	1.9452
3266	2.1287
1769	2.5403
4773	2.1425
3267	4.6044
406	3.7199
1770	3.6740
3269	3.0245
407	4.5636
3270	2.3541
4774	2.4719
3587	1.9464
1772	3.8936
4775	2.6980
408	1.9376
3271	3.1512
409	1.9613
3272	3.1464
3273	2.5460
410	1.9477
1431	2.0878
3274	2.5334
4430	2.5226
3275	2.8161
2632	1.9464
3276	2.9606
2021	2.3076
5406	3.1048
4777	2.8271
2445	2.8522
3279	2.3747
1904	2.6911
412	3.3479
5368	2.3541
2451	2.6545
1773	3.0674
413	3.7686
418	2.9133
4699	3.6635
414	1.9486
3280	2.4433
1774	2.0878
3281	2.3590
4780	1.6609
3282	4.6044
3283	2.0951
416	3.6205
1775	2.6191
3284	1.0422
3285	2.6548
1776	2.4533
5325	2.1889
5452	3.1464
1777	2.0780
4419	2.2991
417	1.9123
4781	1.7973
3287	3.3727
2344	2.5457
4782	3.6635
419	3.1461
420	3.3476
4783	3.2265
2506	2.8318
4784	2.2673
1781	2.7449
1782	2.9900
3761	1.8625
4669	3.5442
3290	1.8548
4785	2.7672
422	1.6824
4786	3.5546
3291	4.2639
4787	2.5074
1784	1.6280
1785	3.9508
4788	2.9604
4789	3.4530
1787	1.9464
5125	3.5442
1788	2.7801
3430	3.1581
4435	2.4433
4791	3.4389
5489	2.0878
4792	4.6532
3296	4.1321
423	1.3746
5495	2.1590
424	2.8488
2549	3.8936
3297	4.6044
1789	2.9604
3672	3.4530
425	1.9464
1790	2.4533
426	2.0372
1791	2.7596
4795	3.1464
4796	1.6725
1095	2.5074
427	2.1403
3298	1.6811
3299	2.7596
4670	1.8433
2231	1.9464
4437	2.9604
3300	3.1504
428	3.7686
1794	3.4812
1795	1.9825
3301	3.9112
3302	2.9233
3303	2.5480
4798	3.4389
4800	2.6992
3304	3.5419
3163	1.3818
3305	2.0878
1797	2.5649
3306	3.3912
3307	2.9274
2684	3.5566
5369	2.3541
1798	3.4988
5025	2.0401
3620	2.4719
1799	2.7596
3310	3.5610
1430	3.3122
5556	2.9809
4801	1.8618
3311	2.5226
4802	2.6650
4803	2.5480
431	1.9464
3312	1.6424
432	2.8014
4804	2.1819
3313	2.6982
3314	2.1287
4805	3.2090
3949	2.0441
2238	3.1504
1341	3.6205
1801	1.8403
4808	2.1287
433	2.3103
2633	2.9068
3675	2.6103
3153	2.7596
3316	3.7177
4809	2.7596
4673	1.6992
2645	3.3828
3317	1.9464
316	3.0757
4621	2.7312
1805	3.1035
3318	2.0518
1806	3.5419
434	3.7686
435	3.4812
1807	2.1172
3319	2.6546
2663	2.5480
4811	1.9464
676	2.7312
3321	2.2341
5622	2.4433
3322	3.7939
4812	2.1279
4813	3.4389
4814	1.9464
3323	3.5442
3674	2.6585
4816	3.0334
3325	2.4564
4817	3.5419
3326	3.3727
437	2.4144
438	4.6044
4187	2.0878
3328	3.0755
3951	1.7581
2237	3.2151
4819	2.1131
3329	1.6383
4820	3.0674
3330	2.1940
5751	4.1743
4821	3.5442
3331	2.6798
440	3.1367
3332	2.2341
4824	2.4316
4825	3.8079
1813	2.4876
1814	3.1464
3334	3.7309
1815	1.7342
5672	2.5334
4469	3.6205
4826	2.6280
2778	3.6205
441	2.1592
1817	2.1279
2733	1.5410
3337	3.1211
3338	1.3733
442	2.7669
443	3.9508
3339	1.9864
4484	1.8142
1819	3.0674
4828	2.3180
444	4.6044
445	3.5442
446	2.7596
3340	1.8717
447	3.1464
5036	2.1279
4829	2.2892
4830	2.9381
1820	2.8488
1169	3.4812
4676	2.3180
3342	2.8014
986	3.5259
1433	3.9508
5003	1.8548
449	1.6575
3953	3.4389
4831	1.5960
450	1.9464
451	2.9215
514	3.7531
4833	4.1743
4834	2.1279
1822	2.6396
3344	1.7787
452	3.0674
1435	1.6746
4836	2.9135
3345	2.1985
2784	3.0334
1824	2.6396
454	2.6257
1825	2.9606
3441	2.6259
5582	2.5006
3346	1.9464
1826	2.3826
455	1.2205
456	2.2048
2796	1.9510
4839	3.2580
2802	4.1461
4667	2.1969
4840	3.1464
5377	2.7950
5524	2.3103
5760	1.9464
3347	3.4527
4415	3.1148
458	1.9248
4841	1.9439
1829	3.8435
1830	1.5410
1831	1.9771
915	3.6205
644	4.6532
3349	1.0185
4843	2.6545
1833	2.0517
3350	2.0517
1803	3.3987
4845	2.9625
3351	2.3403
1834	2.5614
2831	2.1039
4847	2.1425
1835	2.0878
17	2.5480
4848	2.8658
516	3.3516
2138	1.6824
3355	3.9508
3356	1.9884
2391	1.9738
463	2.5334
1836	2.5649
2340	2.6548
4850	4.1321
31	2.2583
2656	2.7596
464	2.0664
1837	1.5753
1838	3.0438
3359	2.6980
4852	2.5704
4853	2.6550
4854	1.8142
467	1.2220
3360	3.6612
4855	2.6409
469	2.0049
3361	2.4751
4856	2.5334
4857	3.0755
1841	2.4072
3362	1.7385
3363	3.5050
4858	1.8968
2873	2.3417
53	1.9464
471	3.5442
2406	2.5907
430	3.0345
4864	2.1019
59	2.0372
1843	2.8750
4860	2.3318
472	2.6795
66	3.2577
4861	2.0878
3364	2.6657
3365	2.8160
4862	2.3541
4863	2.2284
473	2.4177
1845	2.9604
474	3.2069
2900	2.1287
475	2.5219
1848	2.4751
1849	2.6982
3366	2.8371
3367	2.2894
1850	3.1464
1851	2.0946
4196	1.6317
1852	2.9424
3369	3.9508
3370	4.6532
3371	2.0878
97	3.2265
4866	4.6044
5618	2.0441
4867	3.3479
3372	2.3541
3533	1.6178
3691	2.5480
477	2.9215
3373	2.9846
1854	2.9950
478	1.9796
4869	1.4522
2939	2.6548
1855	2.9604
4870	3.1367
5366	3.0245
2947	2.3506
1856	2.9213
1857	2.7596
2409	2.5649
3374	2.8992
1858	1.9464
1859	2.3541
3375	2.4722
1860	2.2469
1861	3.4389
521	2.3747
3377	2.7596
481	2.6396
4872	3.4527
1862	2.9485
3378	1.8660
5748	4.1743
5384	2.8806
2972	2.9374
4873	3.1148
3379	2.6396
3380	2.0664
4874	2.8488
148	2.5226
5478	2.7596
150	2.9705
1864	3.5442
152	1.7466
155	2.3630
157	2.6545
1865	2.7535
482	2.5649
1867	2.3038
4875	3.2577
3382	3.0757
1868	2.6397
170	2.5367
3383	2.9774
1869	1.9419
175	2.2892
5625	3.2577
4876	3.0345
3955	2.8103
3384	2.1310
1872	3.1904
5159	3.2186
1011	1.5861
1873	2.0878
257	2.2981
4878	3.2077
1874	1.1687
3386	2.1495
3023	1.6824
1875	2.4572
484	3.3727
1876	1.7641
1877	2.0800
1878	1.9464
1879	3.6205
3387	2.2341
3388	2.9604
524	1.5925
485	4.1743
3389	1.6612
1916	3.6147
1880	3.9508
223	2.6396
1881	3.4870
4868	3.2322
3052	2.6396
3391	3.0906
1882	3.4755
3392	2.2457
486	3.1211
4879	2.8488
487	2.0129
236	3.5960
4880	1.8548
3394	3.8079
1883	1.7016
3395	1.9464
5143	3.5442
489	1.2257
246	3.0334
3396	3.4812
1884	3.1464
4881	3.1241
1886	2.2341
1670	3.2077
252	2.6396
3397	2.5334
3077	2.9809
4882	2.7458
1888	2.7950
491	1.5068
4883	1.7145
3398	3.2158
492	3.1653
493	3.6740
4885	3.3727
224	2.5754
1889	3.1211
3118	3.0311
494	2.9703
3124	3.6205
3126	3.3479
1890	2.0878
4887	3.6525
1891	3.3914
4888	3.0475
496	3.1367
497	1.4886
4779	2.4533
4451	3.5870
4889	2.8211
4890	2.6585
3402	3.6740
3403	3.6212
4891	2.2493
1892	1.4764
325	3.1097
3404	2.7449
4082	3.5419
3405	3.1148
1866	2.0441
4894	3.0755
4895	3.5419
2454	2.5226
4896	2.5367
3700	3.6460
4897	2.5649
500	3.2144
501	2.3567
3407	1.8789
3408	2.5738
3409	3.9508
4899	1.8200
3410	2.5074
502	1.9464
3411	2.6191
503	2.7596
1895	3.5442
1896	1.9165
2151	3.4701
504	2.3414
3219	2.9126
3412	3.0345
3413	3.1365
1897	3.1367
3414	3.6633
3415	1.9464
1898	2.9604
4900	2.2894
4901	3.2265
4404	3.8079
3417	2.0494
1899	2.8996
4902	2.5334
4903	1.5671
1900	3.7266
4454	1.9653
389	3.5442
1901	2.5480
4904	3.0327
4905	4.0936
4906	2.4072
1903	2.0664
4907	2.4316
3419	2.7310
505	2.0049
3420	1.6604
3421	1.8433
3422	3.6353
3423	2.3743
3424	2.1534
507	1.6317
3425	3.7686
3426	2.6257
4370	3.4812
128	2.1695
3428	2.1131
3429	3.1350
1905	2.0478
4908	2.6409
4909	1.9464
4910	3.6740
509	2.1425
4911	3.6205
4818	2.0878
3431	2.8779
3432	1.8548
4912	3.1248
3433	2.8855
1906	2.3541
511	3.4300
3434	1.8968
3435	2.4467
3436	2.5284
3327	2.2284
4691	2.4316
3437	2.2743
3438	2.5334
3439	2.7596
513	2.9604
3333	2.3345
1908	2.6396
4914	2.8587
160	1.0538
747	1.9869
1909	2.9496
4916	2.4166
3440	2.5334
1910	2.0878
515	2.5085
1911	2.8793
4917	3.2005
3978	2.4719
3348	1.6604
3442	1.8548
1912	2.9604
3354	3.5354
462	2.3743
2916	2.0517
3443	0.9869
3706	4.1321
519	3.2005
1913	2.7596
3872	2.3314
3959	3.3034
520	3.1367
3445	2.9962
1914	3.6631
531	2.5645
752	1.9464
3376	3.5058
4919	1.7399
4920	2.0758
522	2.4533
334	2.5480
3446	2.1019
3447	3.2005
523	2.4606
3448	1.2994
1915	4.6532
4984	2.6548
4921	2.5334
4922	4.2639
1917	2.8211
525	2.1434
526	1.6866
3450	2.6702
3451	2.5570
3452	1.9613
1920	2.5441
3453	1.6094
1921	3.8936
3454	2.3896
499	2.1425
1922	1.6331
3455	2.8675
4204	2.5906
4923	2.9604
4924	2.0878
1923	3.5419
527	3.6740
528	1.6812
1924	2.9604
529	3.4005
2423	1.3947
4927	2.7441
4928	2.8619
1925	2.8304
530	1.8142
1926	3.6205
3457	3.0345
1927	1.9464
4929	2.0176
1928	2.6969
4461	2.0388
1929	1.4028
1930	1.9464
1810	3.2673
532	3.2158
4458	3.8936
2203	2.7089
1931	2.3792
541	3.5442
368	2.7801
3459	2.5480
534	1.8548
535	2.3403
3460	2.2493
555	3.3863
1933	1.9602
1934	2.5006
4930	2.8704
4931	3.0472
3487	2.9604
565	3.3167
567	3.1464
1935	1.8286
3463	2.9672
4932	3.1367
538	2.9604
4640	2.3414
3501	3.6205
3464	1.9508
539	2.2842
540	2.7814
4933	2.9604
2300	2.0654
4696	2.3314
4934	2.5334
542	1.7480
543	2.7596
585	3.1148
1937	3.6740
1938	3.8435
544	2.7801
4938	3.8936
545	3.3479
4636	4.1461
3466	2.8334
3467	2.8759
3468	3.2391
547	4.6532
548	2.2284
1219	2.4751
604	3.9508
3470	2.3597
4939	2.5074
550	2.0878
3528	1.9670
3471	1.6824
4940	2.6548
3472	3.5419
1940	3.2265
3473	3.7177
3474	2.7410
4530	2.9604
4942	2.6548
1942	2.2738
5398	3.1676
4943	1.4761
553	2.4279
3477	2.6466
2427	1.3510
5101	3.6740
554	2.1845
1944	3.7686
1932	2.1590
1945	2.7596
556	3.1815
4945	2.5334
5197	3.1148
3480	3.3828
557	1.6811
4946	1.6587
3583	2.1845
4947	2.5566
1853	3.3413
3482	1.6609
4948	2.5649
3483	2.7596
1947	2.5334
558	2.6409
3484	3.6740
560	2.8266
561	3.8097
562	2.8524
2683	1.5812
4949	2.1823
3485	2.5441
563	2.5334
3486	2.1861
564	3.6631
4462	2.9923
2600	2.9604
3629	2.8901
3630	3.0034
3488	2.6259
3489	3.1464
4951	2.5480
4952	2.5274
4953	3.8435
4954	1.5410
3714	1.3951
3638	2.3403
3490	3.3727
4955	2.7449
3491	3.0311
4956	3.0674
4957	3.4389
569	2.3414
4958	2.9604
570	2.1845
571	2.3541
4959	1.9616
572	2.4560
3492	2.0800
3493	2.7853
1953	2.2341
2252	2.9274
4961	3.1367
3965	2.9485
1954	2.5226
4962	1.9464
3494	2.8522
1955	2.2842
574	1.5353
3495	2.1131
1957	2.1999
537	2.9274
721	1.9259
4963	3.0906
4964	2.8393
3496	1.7930
575	1.7480
495	2.2738
731	2.0161
1847	2.5480
576	1.4020
4965	2.1692
3686	3.6205
3499	3.6060
1959	2.2342
3502	3.3211
4966	2.3052
3701	2.7091
1960	2.8551
1961	2.6103
578	3.2265
5037	2.7732
3707	3.2265
3503	2.9859
579	2.4560
580	3.3479
1962	2.3747
4968	3.9112
5641	3.1464
2165	2.9672
3724	2.0493
1964	1.5770
3504	3.8435
3505	2.2490
3506	3.8585
4432	2.7880
2920	3.8079
4969	2.0800
5004	2.1083
4970	2.2284
4971	2.8615
1965	2.1696
3465	3.1632
581	3.8435
3509	2.9774
589	2.3249
1967	2.5334
4972	1.6432
461	2.5074
3760	1.8548
3762	2.0878
582	2.5334
1969	2.2204
3512	2.9604
4973	4.2478
215	2.3031
583	1.5960
584	2.9669
3514	1.6940
1971	3.0674
1972	1.3953
3515	2.7959
1012	2.8063
3782	1.8288
4936	3.1653
586	2.1948
4974	3.2040
1973	2.6795
832	3.5419
3791	2.3403
4975	2.6467
588	2.3678
2065	2.6409
5540	3.2988
3516	1.3947
1974	2.5334
4976	3.5130
5595	2.6764
591	1.6156
4978	2.5219
592	2.5634
593	4.6044
3517	3.3479
3518	2.2342
3519	1.6280
5643	2.7449
5401	1.9337
3819	3.1148
4979	1.9456
4980	2.9339
594	1.9143
3520	1.6781
4981	2.3541
1976	2.7732
1977	3.3479
3521	2.4719
3837	2.8852
595	2.8934
3522	3.0463
596	3.1464
1979	2.2673
3523	2.1439
597	2.0486
3524	2.7561
4983	4.1321
598	3.5419
599	2.6103
885	2.3038
4985	3.0245
568	3.8435
3525	2.1019
1983	2.5480
600	1.9464
894	3.4812
4986	3.1367
1984	2.6409
4987	2.1845
5235	2.5710
3526	2.7410
1985	1.8433
901	4.1461
4988	2.8615
601	1.4494
2438	1.9464
602	1.5370
1839	2.5334
3529	2.0878
4989	2.8511
3530	2.7597
3531	3.3727
2886	2.3476
4990	2.6396
1988	3.2005
3532	2.7410
922	3.0674
1017	2.9137
3534	2.2341
4991	1.9464
3535	3.1174
1989	2.9774
4992	2.9424
603	3.6740
4429	2.6259
1990	2.0161
3904	1.9486
1939	3.1367
1992	1.1715
4200	3.1464
3536	2.6103
605	3.5419
3721	4.1743
606	1.4761
5133	3.1211
4993	3.2005
3193	1.4494
607	2.2928
3539	2.9641
4994	2.2201
3540	2.5550
959	1.1891
968	1.9464
3934	3.6740
1995	2.3671
4996	1.8639
5162	1.8548
1996	2.0042
1997	3.5266
4997	2.4613
1998	3.0475
5403	2.1777
3945	3.1367
4468	3.4389
987	2.4572
518	2.7963
5163	2.0160
4998	3.3727
3542	2.2048
1004	2.3414
3543	2.0646
3544	2.6795
552	2.8443
5000	2.7577
5001	2.8668
1999	1.7482
4470	3.0674
3545	1.8717
4707	2.7596
1018	4.5842
611	3.0674
3546	2.5570
2180	2.6702
2009	4.6044
4471	2.3541
5156	2.3544
1029	2.7586
5165	2.5226
2002	3.2299
3019	2.7586
5006	3.1148
2003	2.0878
5405	2.0878
4228	2.1696
2004	2.1195
5007	3.2577
1045	2.2312
3549	2.9950
5008	3.1464
512	2.9950
635	2.3103
3550	2.8916
1692	2.5226
2006	2.3743
5167	3.9072
3551	1.6824
5010	2.7801
3552	3.1193
2007	2.6396
3553	2.0878
1693	2.6795
5011	2.6396
3727	2.9232
3198	1.1127
614	4.6044
2010	2.9577
4941	2.8524
5013	2.6163
1157	2.2612
2011	2.9604
5169	2.2341
615	1.4151
1084	3.1464
3513	2.8371
616	1.5559
1941	2.2673
618	2.9604
1020	1.8433
1994	3.0245
4231	2.3161
3476	2.1337
619	2.8002
2013	3.2580
3556	3.3224
4059	3.5173
2014	3.2425
622	2.9604
3557	1.3595
623	1.5273
5017	2.0790
5018	1.8001
5170	2.5480
2015	2.6982
1107	3.1464
5020	1.5068
4472	3.2265
624	2.6213
625	3.2577
1568	2.5649
5408	3.2158
2017	3.7686
3559	2.8934
5284	2.7801
5021	1.5841
4084	2.1861
2694	2.3358
5171	1.4979
2019	2.7093
938	2.2952
628	3.9332
629	4.6044
2022	2.2493
5023	3.5442
4102	2.8126
5024	3.2580
4476	3.0475
3564	1.1085
4944	3.1504
3565	2.7042
1140	2.1861
4118	1.8548
3728	2.9646
1943	3.0334
2024	2.2493
3567	1.8548
347	1.8247
2026	2.0058
1152	2.0878
3568	1.9464
5026	2.0013
631	3.2577
3569	3.0755
3570	3.4389
632	3.1464
1161	3.4527
2030	3.0438
5027	1.4663
4140	2.5334
3571	2.9604
5028	3.5443
3572	3.1436
3573	3.4389
3574	2.5570
4154	1.6824
3575	2.2002
5029	2.7950
1179	1.2228
5030	2.1337
1187	2.3671
5031	2.3544
5753	3.0345
5032	3.5708
3576	2.1019
2032	2.4435
2033	2.7577
5033	2.8551
2034	1.6607
637	2.7598
4369	1.9047
1199	2.5645
638	2.3180
3478	1.8433
2035	2.6982
639	2.0441
3479	1.6171
981	2.2284
5035	2.0161
640	1.4805
1208	3.1504
642	2.9721
3729	2.3183
3577	3.5442
3578	1.4546
645	3.0674
2000	4.1321
646	3.8136
5038	3.4236
5039	3.5442
5040	1.8639
3579	1.8753
2038	2.5480
3580	1.3447
5041	2.2205
351	2.1592
648	2.3743
4234	2.5367
649	3.6740
5138	2.0372
3582	2.5303
2040	3.4530
5176	2.5649
4242	3.1144
5288	3.4489
3584	2.5334
5044	2.3479
2440	2.2341
3586	3.2971
5045	2.5334
4262	4.2197
5046	2.6103
1246	2.3743
1258	1.6824
3481	3.7686
4268	2.6396
3588	3.0674
5047	2.1195
3240	2.7596
3589	2.3541
3590	4.4502
5048	2.8522
3591	1.5370
2044	3.6574
4288	3.2151
3592	2.1718
3593	3.7266
2045	2.8916
5049	3.4812
651	2.5364
652	2.7596
3732	1.9613
3594	2.0441
4389	2.0670
653	1.9543
4300	1.8548
2046	2.0878
654	2.3541
655	2.5334
3595	2.2284
5051	2.4533
5052	1.3940
1701	1.7482
4311	1.9613
5053	3.1367
656	4.6044
3597	3.5266
2048	2.7093
4315	3.7686
3598	1.8015
3599	2.5480
3600	2.0878
2050	4.6044
3601	2.2284
3602	2.5592
5392	2.9533
4327	1.6107
657	3.8176
3604	2.6396
658	2.6396
1335	2.6396
659	2.7369
660	1.9464
559	2.2341
5054	3.0334
2051	2.6980
2052	2.1534
1948	3.5506
3605	2.1559
5055	1.5282
5460	2.5334
2054	2.5334
2055	2.1425
3606	3.1685
662	3.3992
2056	2.1165
4236	1.6824
663	2.2341
4362	2.9859
664	1.6178
665	3.4389
4364	3.3727
5057	1.5000
666	2.2284
2058	3.4946
5059	2.8289
5183	3.1464
668	2.9774
2061	3.5419
2062	3.6136
669	1.9464
2063	2.4564
3611	2.3657
2064	2.3258
3613	1.4513
3614	2.2842
3615	2.4496
3616	4.6532
5061	3.8936
3617	2.0646
2066	2.3871
2067	2.3249
5063	2.5074
4744	2.9604
672	2.7797
5186	1.6894
3618	2.0161
2069	3.3727
2150	2.0142
5064	1.9616
673	3.5442
5187	4.1989
5079	3.2005
674	1.7525
2070	3.2299
675	3.0334
5065	3.0112
5066	2.3541
1417	3.0488
2072	2.9388
5068	2.9950
677	2.5611
2073	3.4389
2074	1.6830
1438	1.1501
5070	3.8435
1184	3.1464
3621	2.4456
678	3.9508
679	3.6205
3623	3.1367
3624	3.2005
5072	1.3586
3625	3.5419
5658	2.1287
680	2.1696
3626	2.2553
681	3.1365
5073	2.9604
1333	3.3436
4474	1.9464
4490	4.1424
1467	1.6841
3627	2.1031
3628	4.6532
5074	2.3314
5075	2.6257
5076	2.2758
5077	2.9669
5078	2.7357
682	1.8946
4892	3.0182
2079	1.7790
683	2.4437
684	2.9281
3631	1.8647
5080	1.9464
5081	3.3114
686	2.3380
5082	3.4389
5083	2.2603
5084	3.2577
3632	2.6505
3633	2.9128
3986	2.4212
802	2.2928
5085	1.8713
1707	2.8126
5086	4.1461
5087	1.6824
1504	3.9112
2080	3.1148
3634	1.6897
3788	3.4389
687	2.3824
1509	2.5927
3987	1.8147
2081	1.8548
2082	3.1148
1519	4.1743
2083	2.6257
688	1.3952
689	2.1872
4543	3.4389
690	2.5074
5090	1.6570
3636	2.4722
2084	2.2204
1300	2.3451
5091	3.1211
5058	3.4882
1197	2.6548
3639	1.5068
5093	2.3519
691	3.4530
5094	2.0878
3641	3.0755
4558	2.1985
3642	1.7764
3643	1.5561
4564	3.3479
1952	2.8587
692	1.9864
5095	4.1461
693	2.7596
2085	3.2988
404	2.0878
694	3.9089
5097	2.4273
2087	1.8647
5098	4.1461
2088	1.7487
3644	2.2877
5099	3.5058
2089	3.6724
2458	2.6946
695	2.3903
5100	3.0757
3645	3.5442
1035	1.9464
2090	2.3918
696	1.7718
3646	2.9962
3647	1.6279
4092	3.3327
4603	3.0609
697	2.0878
698	2.2487
699	3.7686
1599	3.6205
573	1.7764
2091	2.0049
5102	2.3403
700	2.6545
2092	1.9834
5103	1.3586
3649	2.3826
5104	1.7537
4628	2.1913
701	2.7042
5107	1.8288
3650	1.8841
702	3.4389
703	1.8548
5109	2.3403
1630	2.0949
5111	3.5419
705	2.4696
706	3.5266
2094	1.2704
2095	2.2738
3739	0.7496
1639	2.1590
3651	2.5367
5140	3.5708
707	3.6621
2096	2.7596
1259	2.0878
3652	1.0169
3653	2.2284
1651	3.9508
3740	3.2235
3656	3.0678
5663	2.3524
2097	2.2284
2098	3.3727
708	3.4732
2099	1.8548
3968	2.1019
2100	1.8372
2101	3.5266
3657	1.8433
3658	1.3440
1666	3.0306
709	1.7233
4687	2.4457
5113	2.4751
5114	1.5960
710	2.3826
711	3.2543
3659	4.0448
712	2.9419
2104	3.3727
2105	3.3479
3619	2.5334
713	4.6044
2106	1.7958
4682	3.4040
3661	1.9464
2107	3.9112
2108	2.9274
715	3.6740
1696	3.3479
5117	3.6014
716	3.4812
2109	2.6396
5119	2.8334
5120	3.7686
2110	3.1387
49	4.3813
1710	2.3403
5122	3.6205
3662	2.2342
4731	2.5364
2111	2.0878
3664	1.2871
1715	1.8647
3665	2.8063
5124	4.2639
717	3.7177
2113	2.7570
2114	2.7458
719	2.5364
1724	2.4722
2115	2.9604
2194	3.5419
4729	2.0664
1731	1.7524
5126	2.9389
2117	2.8371
397	2.0800
722	1.7367
2118	3.1365
365	1.7385
2195	2.1999
5128	1.8618
1742	1.6824
3667	2.9389
5129	3.4810
1751	2.9604
2120	3.2005
1756	2.2066
2121	2.3541
2122	2.7596
4767	3.6205
3668	1.8052
3669	3.5419
5131	2.3180
3670	2.2514
2123	3.8079
2124	3.7939
723	3.4389
1771	3.0475
2125	2.1425
3671	2.3403
2126	2.8014
724	1.6249
1142	2.7596
2127	2.8161
2128	3.2158
725	3.0755
1780	1.8548
726	3.2389
1786	2.6103
2129	2.2892
727	1.9477
3673	1.8822
4255	2.5480
728	2.3355
4799	3.7266
1800	1.9616
2130	3.8079
1802	2.9970
730	3.1742
2131	4.6532
1809	1.9325
2132	3.9112
3676	1.5741
732	1.9613
2133	1.8229
3677	1.7923
2134	3.3863
5134	2.9604
3679	2.3103
5136	2.2284
3680	1.9464
3681	3.6212
1823	2.1425
3682	1.6511
3683	2.3103
3684	1.4512
1828	2.1985
2136	2.2284
733	2.4316
1832	2.4184
4844	3.0438
1477	2.6795
3685	3.7571
734	1.7796
2139	2.4279
1958	3.1052
1840	2.8615
3368	2.7596
2140	2.3308
2141	1.8601
2142	2.7950
735	3.9966
3689	3.6205
3690	2.9809
736	1.8548
3692	1.9464
2143	2.8100
737	4.0448
738	2.3414
5139	2.0664
3537	1.8864
2144	2.9604
739	1.6746
2145	1.7233
2146	1.9212
740	3.2543
741	3.3914
5142	2.4008
4503	3.6705
2147	3.8528
2714	2.5570
2200	2.1929
3695	2.6396
3696	2.4722
3697	2.3747
5145	2.7093
3698	1.9143
5146	1.5529
2149	2.8211
1043	1.7385
3699	3.8936
1893	4.6044
742	1.7923
743	2.8793
5148	3.7686
3702	3.1315
3703	1.7624
3752	2.9604
2152	2.0878
5200	1.6612
3704	1.6171
5149	1.9464
2153	3.1656
3705	2.7596
2154	0.9946
3753	1.9464
748	1.6656
2156	2.4719
749	2.6851
5150	4.2639
5202	1.9616
1918	2.7373
609	2.0372
4925	3.8079
2157	2.5649
2158	2.4564
750	2.4279
1479	1.4217
3708	3.4389
5668	1.9464
1480	2.8793
5154	1.3583
5155	1.9464
2159	1.9171
3710	1.9688
1936	1.6432
751	1.9464
2160	2.1985
3754	2.7880
753	2.6700
754	2.2284
2161	1.7502
3711	1.5874
755	4.2639
3712	2.7596
756	3.2265
3713	3.1464
1059	1.5410
1951	3.2158
757	1.7233
3715	3.3724
5518	2.3038
5157	2.7596
3716	2.1845
2163	2.7950
2164	3.0362
3717	2.3038
3718	2.7596
2166	1.9464
758	2.8524
2830	2.5334
759	3.2151
1721	2.8615
3719	3.5848
5160	2.2341
4977	2.0878
371	3.6351
3720	4.4502
1980	3.0755
760	3.6740
1551	3.2577
761	2.5226
955	2.6492
2167	3.8079
2168	2.3416
2169	1.6609
762	2.4273
2961	2.0878
2170	2.4316
763	2.7596
2172	1.9464
3723	1.6317
2173	3.0362
5164	2.4747
1963	3.4781
2174	2.0359
4004	2.9268
764	2.8488
3726	1.9002
2794	1.5370
5168	2.0381
765	1.8663
5012	4.0816
766	2.5226
1987	2.7073
767	3.4530
2175	1.9464
2176	3.5787
768	3.8079
5204	3.5442
5172	3.7294
769	2.4560
770	2.2487
2177	3.2577
771	2.4435
2178	3.5419
4005	3.4389
5173	1.1553
5673	3.5913
5175	3.4389
1047	3.5501
5674	2.6648
5042	2.9605
2041	3.5419
2181	2.8959
5177	2.0478
772	3.0112
773	2.8318
3731	2.3824
2182	2.0878
774	2.7596
775	2.3541
5179	2.7732
776	3.4242
2183	2.9394
5180	4.1743
5181	3.3034
3733	3.0114
5056	2.0960
5182	3.8936
2060	2.5364
5675	2.7596
2184	2.7596
5184	2.1812
5185	1.9464
777	3.5419
778	1.8717
2068	4.1321
2185	2.1511
2186	2.7073
5067	3.0032
3734	3.4389
2187	1.9464
779	2.2842
2188	3.4812
2189	2.6620
5188	3.0674
780	2.6524
3736	2.4719
3737	3.0674
781	2.2284
5189	1.9464
3738	3.9601
782	4.6044
783	2.6548
375	3.7177
784	2.2284
5191	1.4356
2190	3.0679
2191	2.7596
2192	2.6548
5192	2.5250
785	2.5364
5193	3.1938
2484	3.6145
5195	2.5085
786	3.8136
2103	2.7598
3741	2.2401
5196	1.8352
3742	2.9604
2116	1.3733
2965	3.3724
5190	3.4389
3743	3.9508
3744	1.9325
3357	3.4527
2196	3.0670
2197	2.8776
3745	2.7596
3746	4.2197
787	3.8936
788	2.8426
3747	3.1581
3748	1.4310
799	1.3671
3749	3.3727
3750	2.6585
3751	2.3644
2199	2.9809
789	3.1035
5199	2.2988
5141	3.3727
3320	1.6816
1863	2.7797
5147	1.9425
2201	2.6795
2489	2.0878
2202	2.0762
2155	2.5334
2204	1.7184
792	2.8793
2205	3.8079
793	4.2197
2206	1.7480
3458	2.2205
5203	3.2502
794	3.1464
3755	1.9796
3756	2.4533
2171	2.3414
3757	2.5738
3758	2.1177
795	2.7332
3759	2.5649
2179	2.2301
5205	2.1596
3510	1.7007
796	2.9604
5206	1.9464
5207	1.8075
790	1.9464
2208	2.0181
2193	2.7596
798	3.0438
2209	1.9464
5198	3.1653
3763	4.2679
5208	2.4533
5201	2.0878
1968	2.5480
2210	2.3747
800	2.6845
5209	3.5835
1491	1.2240
2211	3.1706
860	2.5212
801	3.0550
5210	3.7266
5211	2.7596
2725	3.1248
2213	2.7880
2882	1.7342
2214	3.4812
803	1.5812
804	2.3792
805	2.0506
3764	1.8548
3765	1.7910
5212	1.6990
2215	2.7801
806	2.7073
807	3.5266
808	2.5334
5213	1.6609
5214	2.8522
5215	1.2558
2216	2.0478
5250	2.0951
2217	3.6740
2218	1.8647
3239	2.6700
4033	1.3733
1495	3.3727
2219	2.8522
5216	3.3211
2220	2.9774
4740	2.7596
5217	1.6525
810	3.0757
811	0.9601
5218	3.2265
812	2.3403
813	3.4775
814	2.6620
2221	3.4380
815	2.9604
816	2.5226
2277	1.9738
2222	1.8548
3767	4.2639
5219	2.3544
2223	2.1425
5220	2.8615
818	2.1336
2224	1.8001
1597	3.4389
3500	2.1985
3770	2.9128
2225	2.5226
2297	2.9135
5333	4.2639
3771	2.8916
5311	3.0475
5316	3.1097
2226	3.5546
2227	2.2928
3773	1.9464
2228	3.8936
820	2.7596
5228	3.3727
2230	2.2284
5229	2.2341
4743	2.4467
821	3.0674
3775	3.9112
5231	3.1653
822	2.4533
1450	2.2902
5232	2.9774
3778	2.7105
3779	2.5077
3780	3.5442
823	3.5042
5233	2.8979
5234	2.2493
5236	1.7683
5237	3.1492
824	4.3813
825	3.5442
2232	2.4072
107	3.5442
3781	2.4972
2359	1.6335
826	3.5442
382	2.5800
5022	1.8438
4310	3.2005
827	2.9604
3783	2.8328
828	1.5672
3507	3.1148
2375	3.5442
5239	3.5058
1449	1.7385
5240	2.6980
5241	2.6060
829	2.4314
3784	3.2265
830	3.1097
3785	2.4766
3766	3.1367
3787	1.6894
831	1.7948
5364	2.6396
3790	1.7356
5242	3.1387
2234	1.9464
2235	1.9464
5528	2.7596
2236	4.2639
5244	1.7632
2400	1.7514
3789	2.2673
587	2.3541
2239	3.0274
834	3.0334
835	2.9750
2240	3.0475
2241	2.3038
837	3.4388
5246	3.0757
2242	3.5419
838	2.3531
2421	2.3403
3793	2.2673
3678	2.9809
839	2.3103
5249	1.9424
3794	2.6259
2243	2.9604
590	2.4106
2244	2.0129
3795	3.6740
2245	2.8271
1057	3.2483
5251	2.4316
2246	3.6724
5252	3.0850
2247	1.8548
2444	2.4435
2248	2.2673
3797	2.0225
2249	1.5353
2250	2.2842
5253	3.5724
2459	2.6280
3799	3.4400
5255	4.1321
841	3.8079
2465	2.4496
704	3.0755
842	3.5442
4746	2.7312
2472	1.7385
843	3.5442
3800	2.6545
2253	1.6609
2254	3.0190
3801	1.7366
2255	2.2341
2256	3.1399
5257	2.5442
2257	2.7596
2490	2.6396
5259	2.6581
3802	2.1425
2493	2.4723
844	1.9230
4522	2.9625
1644	3.4836
846	1.9464
3803	1.9464
2258	2.3743
5260	2.6396
5261	2.4722
2971	2.6054
3804	2.7061
3805	2.3180
2507	1.9464
847	4.6044
5262	2.3541
3806	2.5334
3807	2.3541
848	1.9464
849	3.1367
3808	2.3541
2736	1.8637
4525	3.7686
5689	2.7042
2261	3.5865
3809	3.1464
5266	3.6563
3810	1.4384
5267	2.9604
3811	3.5266
3812	1.9019
850	2.0878
5269	2.6378
5270	3.5442
2262	2.1695
2554	2.6280
4526	2.7596
2263	1.5068
2264	1.8433
2265	3.0112
5271	4.2639
2266	1.9477
3815	2.5226
851	2.0878
1700	2.3355
2267	2.3811
5273	3.4530
2573	2.9274
5274	3.5442
5275	3.1504
5276	3.1148
852	2.9604
2268	2.5645
1512	2.0664
3818	2.8014
5278	2.4533
853	2.7663
854	2.7596
855	2.3541
856	3.1006
2269	2.3180
1975	2.5551
3821	3.9802
3822	1.5911
2592	3.4812
2270	3.4389
857	2.4279
3824	1.6587
217	3.0674
3825	3.1464
859	3.3727
1063	2.7157
3826	1.5809
2272	2.7483
5280	3.2265
2273	2.8524
5559	2.5907
2274	2.9424
2616	2.8524
2275	2.6483
5281	2.2673
1064	2.0878
5282	2.3946
863	1.6383
864	3.7266
5283	3.5058
3828	2.9233
5285	3.0602
2276	3.4236
2625	3.6205
3829	3.0463
865	3.4024
866	2.9033
5286	2.5480
3687	1.7536
3830	3.0674
5287	3.5419
3831	2.8668
867	3.0755
3832	2.6980
869	2.5137
2278	1.9009
870	3.2055
5450	3.2299
5596	2.7093
871	3.6060
2279	2.8511
872	3.1367
5289	2.8443
873	2.7596
874	3.4868
3836	2.3618
875	2.4533
2281	2.5649
1978	2.0878
2662	2.1031
877	3.0345
3838	1.4951
3769	3.9112
3839	2.0878
878	2.7601
879	2.8170
3840	3.0674
5291	2.2204
2848	3.4530
5292	3.7686
2282	3.3476
2283	2.5293
4753	2.8848
5295	2.3541
3843	3.6205
2675	2.5219
2284	3.7956
2679	3.5442
880	2.4353
3845	3.0472
3846	1.8548
3847	3.1166
2285	2.6174
5688	2.7073
1066	2.8615
2286	3.1003
5296	2.1515
2688	2.0625
881	2.6356
5297	2.6548
2737	1.9938
5298	2.5334
2692	2.9517
2288	2.6191
3849	1.5353
882	2.0517
3850	2.3541
3851	2.8522
2289	2.0517
2700	1.9216
3854	2.6158
2706	1.8548
2291	2.3403
883	3.5442
3856	2.2284
2293	4.6044
3857	2.1263
884	3.2831
5301	3.3727
29	1.6587
4022	2.7596
2294	3.0827
2295	1.8548
5223	2.0878
2296	2.9604
5683	2.7950
5302	2.0517
5225	2.7369
887	2.9859
5303	2.5074
1028	1.3947
5693	2.0664
3858	2.6121
3859	2.1541
5304	1.9612
2496	2.6548
5305	2.5754
2298	2.7596
5306	1.7601
888	2.0878
3860	3.1632
5307	3.8079
3861	2.6980
2299	3.8435
5308	2.5570
889	2.7801
5309	1.9171
630	2.0667
5310	2.9604
2497	3.0157
5313	1.6249
890	1.4710
3864	2.7652
5315	1.2932
3865	2.4526
891	3.0112
892	3.5419
893	2.1019
3866	2.0664
819	1.5973
2975	1.9464
5699	3.5442
5317	3.0757
2301	2.0949
2302	3.5419
3867	2.2877
5747	1.3947
3868	2.5895
3869	2.0878
5318	2.8160
895	2.7596
3870	2.8776
2303	2.0878
2304	1.3403
896	1.6841
2135	1.8720
3871	2.3541
3873	3.2005
2740	2.6396
5767	1.9464
3874	1.8433
5321	2.4722
3875	2.2341
2305	3.8936
2816	3.6205
2008	3.1211
897	3.4024
2306	2.6795
2307	3.6740
5322	2.7240
2308	2.7596
2309	1.6587
3877	1.6648
2310	2.2002
3878	1.6824
5323	2.5219
8	2.7596
3879	4.2639
1351	2.5349
2311	3.1464
898	2.4435
5324	3.3479
899	2.8211
3880	2.8443
900	3.2265
5326	2.9604
2313	3.4300
3774	3.2181
1986	2.0595
5328	2.5550
902	1.9464
5329	3.1361
5330	3.1097
5331	1.9920
5332	2.3403
2315	3.2736
3881	2.6396
1750	2.2204
903	2.0372
3884	2.1310
2316	1.4384
2926	1.8647
904	2.0878
3776	3.2986
2318	3.3211
905	3.3727
2319	2.5480
3527	2.1348
3640	2.1312
2320	2.8063
4026	3.1632
2321	3.3539
906	2.2342
907	2.6191
3885	2.2341
2892	3.1113
4760	2.2284
2742	2.3541
5337	3.7266
2324	2.1985
909	3.1981
2325	1.5672
89	1.8548
3887	3.3863
2327	1.5282
2328	3.7601
2329	2.5480
3888	2.7598
2330	2.5480
117	2.2270
910	3.2158
104	2.6980
2925	1.8647
2331	2.4904
2332	3.1504
912	1.9477
913	2.5550
2333	1.7385
3890	3.8079
914	3.0334
3891	2.9604
2412	2.7788
5342	3.0674
506	1.8288
2946	3.1387
3892	1.7385
916	3.0345
917	2.5334
2334	1.9171
2954	3.7113
2957	4.0009
3895	1.6964
2338	2.2284
919	2.9148
5343	1.7007
920	2.7017
5344	3.9508
3896	3.3914
921	2.6396
2339	2.4751
4708	1.5770
924	1.8436
2970	3.1148
926	2.0878
2148	3.6205
146	3.7686
2341	2.1374
927	2.5480
2342	1.5900
5536	3.9791
928	2.8318
1759	2.9700
929	2.5334
3898	3.0313
2984	1.7764
930	2.1556
2346	1.3037
3900	2.4751
2989	2.6409
931	2.5566
932	3.6740
5345	3.2005
3901	1.8421
1282	1.4231
3000	2.8135
2348	2.5480
3903	2.2768
179	2.0441
933	3.0157
2349	2.0667
934	3.4714
1844	2.3988
3905	2.5334
935	1.9464
936	2.0878
3906	2.5550
3007	2.7577
3907	1.4508
1513	2.9823
5346	2.9424
3908	1.9056
3013	3.1148
5347	2.5334
940	2.4034
3022	1.9464
941	2.3826
5701	2.0878
942	3.1148
2355	2.7369
3909	2.6103
2356	3.2565
944	2.2342
3910	3.2580
2357	2.2708
3911	2.0878
945	2.0364
946	3.7266
947	3.5442
220	2.7014
3913	3.4389
5349	2.9809
2360	3.1037
948	1.9477
949	3.9112
2361	2.8916
3914	3.2483
3051	2.2715
2631	2.5254
5350	2.0878
950	3.7531
4778	3.4882
951	2.6259
5088	2.6548
3916	2.6764
2362	1.7342
2363	1.8647
2751	1.3947
952	2.6795
3917	2.1556
2364	3.2578
254	3.1464
953	2.7781
954	2.5334
3918	3.4812
5465	2.7963
2366	2.6356
2367	3.8435
3919	2.4273
5238	2.3414
2369	3.1148
5353	2.9809
2370	2.7373
2371	3.6205
956	1.8976
5703	1.9464
2372	2.8615
4967	3.6437
3921	3.0157
2373	1.9055
284	2.7596
5354	3.9497
3923	1.8548
2374	2.7570
2260	3.6205
3924	3.6886
2376	3.0757
960	2.9604
1516	2.6409
961	2.8664
962	2.7458
3725	3.8435
3926	1.8494
308	3.6212
5355	1.9464
3927	1.9464
5503	2.0878
963	2.0664
3928	1.7367
2377	2.5226
2378	2.9604
964	2.0478
2379	2.1590
2380	2.1388
1518	2.5150
5704	3.1381
326	2.9424
965	1.9464
3930	3.2580
966	2.3743
2383	2.6103
3931	2.6699
2982	1.5675
5356	3.7089
5467	2.3180
967	2.6444
2606	2.1845
5357	2.3532
3933	3.2158
2622	2.7801
3191	3.6205
3541	1.8976
2384	3.4077
969	2.3709
2385	3.4389
970	3.2577
2386	1.5741
2387	2.6103
5359	2.3031
350	3.0301
971	1.8075
352	2.5334
5360	3.1464
972	1.8548
5361	2.2673
3009	2.6982
3937	2.7596
3786	3.5419
3218	2.1656
2388	1.4836
973	3.2543
3940	2.0878
2810	3.1632
5362	2.7157
4915	3.8936
2389	1.9477
2754	3.7686
5363	3.4810
3941	2.1195
2985	3.3479
4646	2.0537
975	2.2673
1559	1.8548
2390	2.7880
978	2.2842
165	2.4435
2968	2.6817
980	2.2487
5367	3.1464
3942	2.4216
2392	3.1464
3277	2.5364
2393	3.0864
3943	3.1464
5752	3.3727
2394	2.5649
2395	3.0345
2460	2.4996
3944	2.9133
3946	3.3442
2396	2.5226
3309	2.9846
982	2.3580
3947	2.7801
3948	1.9884
3792	2.3103
2398	3.9112
2399	3.6740
436	3.3727
983	2.6795
5372	2.1868
984	2.3000
5373	2.4008
985	2.1828
2402	2.7715
2403	2.8443
5374	3.3379
5375	3.5442
3341	3.2546
448	2.9604
5376	1.6587
3954	2.6103
459	3.2252
3268	3.2151
2404	3.0674
3358	2.8126
5468	3.0757
2405	2.2738
5378	2.5944
989	2.5334
5379	1.8548
5380	3.4236
990	2.2738
5381	3.0334
5382	2.3541
991	2.8126
2407	1.8618
2408	2.8951
5383	1.5410
480	2.0878
836	3.0755
993	1.1669
994	4.1743
995	2.6548
996	3.6204
3385	2.5334
2410	1.3865
997	3.1512
998	3.1492
2411	2.3067
3956	3.3479
3957	3.0114
5385	1.9464
5709	2.9274
2413	3.3727
999	3.0463
2414	3.1368
2415	2.6154
3390	2.8443
2416	1.8883
1000	2.3826
5247	4.2639
3418	0.9492
2417	2.3414
5386	1.9771
1001	1.7502
2418	2.3314
2419	2.0779
2420	2.1889
3958	2.4435
1002	2.3414
1003	3.4530
517	3.4389
5248	3.7686
5388	1.8213
3960	3.2839
2422	1.7923
5389	2.6057
5390	2.8916
1005	2.8488
2424	2.5367
5391	1.7790
2425	4.2478
536	3.2577
3961	2.1279
5394	2.6409
5395	2.1195
3962	2.5367
5396	2.1590
3469	3.1144
5539	1.5184
5397	2.7596
2426	2.2842
3963	3.4389
1006	1.8374
3964	3.4812
5399	2.8490
5471	2.6191
5400	1.6824
5710	3.4024
2428	2.7596
2429	2.5334
1007	2.2284
2430	2.9424
1008	2.2673
1009	3.4389
2431	2.9774
1010	2.8446
791	3.0334
2432	3.1248
2433	3.7089
2434	1.5410
2990	2.9933
4047	1.7371
3966	3.2055
3967	2.6620
2435	4.2197
3969	2.8488
5707	1.6897
2436	3.5058
1013	3.1464
1014	3.0245
1015	1.9464
3970	1.9602
2437	2.0049
2991	1.9864
5402	2.4572
3971	1.8412
3972	3.6740
2439	2.0878
2992	3.3727
1296	1.7038
2441	3.0050
3973	2.3544
608	3.4527
5404	3.0380
411	2.9304
610	2.3541
3548	2.8522
840	2.6339
2775	2.7601
3555	3.2526
3278	2.7093
3979	4.1321
2443	2.1559
3975	3.6612
5407	2.5550
3558	2.4106
172	3.8936
2994	2.6946
3566	3.5419
1021	2.8100
5409	2.3747
5410	2.1279
242	2.3671
3976	2.3038
2446	3.2845
2762	1.6056
1022	3.4812
2447	3.0500
3977	2.5550
1023	2.7596
1024	2.7801
1340	3.3632
2001	3.4530
546	2.8615
1025	2.4273
1026	3.0334
1027	2.7310
1092	3.1367
5414	3.9112
2448	1.3947
3980	1.5561
3981	1.9771
5415	2.2048
5416	3.6205
2449	3.1367
2450	3.1464
5144	2.2487
3609	2.7236
3610	2.9604
3612	4.2639
1030	2.6794
5417	1.8433
1031	1.6463
3982	2.5864
3983	2.3826
5418	2.6259
2453	2.7073
1033	3.0678
3984	4.6044
2455	3.1464
5419	3.1464
685	1.7948
3985	3.3532
5420	3.8142
2456	1.9464
1034	3.5572
2457	3.0438
3988	1.5561
5716	2.8522
5421	2.0126
3989	1.7342
5422	2.8334
5423	3.5442
1036	2.2942
5424	2.9419
295	3.5708
3547	4.6044
3991	2.1439
1037	3.2005
2519	3.1625
5425	2.5649
2765	2.9604
3992	3.3727
4392	3.3727
3993	2.4722
5426	2.6946
2461	2.7042
2462	2.4156
5612	2.2002
1038	1.9464
2463	3.0475
718	1.7184
720	3.9508
2464	3.5745
5427	2.3792
1039	4.3167
729	2.9068
3996	2.0264
1040	2.3258
1041	2.5545
3072	1.7007
3998	2.6897
5428	1.5809
4545	2.8951
5429	2.0838
5430	2.9604
1044	2.6545
5731	2.6089
2466	2.9689
2467	3.5419
4000	2.9604
4001	2.7781
5431	4.2639
4002	2.7596
4003	2.6620
2469	2.3314
3730	2.0878
2470	2.5480
612	3.0757
5433	2.9604
5014	2.9809
1046	2.9215
4006	3.0472
5434	1.2405
4007	1.7371
5435	3.6205
5436	3.2477
2005	3.5266
3735	4.1321
1048	1.4609
4008	1.7419
2474	3.5266
5438	4.1461
1049	2.1386
5439	2.5006
4009	2.5566
2475	2.6287
2476	3.0674
5721	2.1199
4011	1.8548
4012	2.8211
1050	2.2493
4013	1.9464
415	2.4722
4014	1.9464
2477	1.9616
5440	3.6205
490	2.2284
5441	2.1425
1051	2.4533
1052	2.5334
2478	3.2005
5442	2.6396
817	3.0757
3768	1.9613
4015	2.0878
4016	2.0111
2479	2.2342
3777	3.6319
1054	2.7597
5443	2.9604
2480	1.8806
4017	1.9738
1056	2.7596
2481	2.7596
833	1.9464
2483	3.0245
5256	2.9604
5444	2.6552
2485	3.0674
1812	2.3071
2486	1.8104
2487	2.3743
3796	2.4139
4018	1.6482
1060	1.7482
4019	2.1515
5445	2.6197
1384	3.1367
1061	1.8200
2488	2.6112
5062	2.3541
5258	2.7073
1062	2.0527
3814	3.3479
5446	2.6103
5447	3.2577
4509	1.8822
2491	1.7824
2492	1.3922
5448	2.6585
2511	3.1632
5449	1.4608
3827	1.6587
3554	2.0878
1065	2.4751
143	2.3038
3834	2.9809
4020	3.6740
5451	2.0878
1821	1.9528
4807	3.0245
5453	3.6256
4021	1.3447
613	1.8433
2494	1.5561
5454	3.2299
2495	2.6396
4023	2.3479
3862	1.8635
3863	2.3258
4024	3.4882
5455	1.8433
1068	2.8916
1069	2.9604
1070	2.2201
2498	2.9604
2499	3.7686
4549	2.5288
1779	1.9464
3882	3.4733
4025	2.2842
5456	3.8936
5457	2.7880
5458	1.4351
1071	1.4958
4027	1.0250
5459	1.4158
4028	2.4316
4029	1.6463
1654	3.1148
3889	3.7686
5461	2.0526
4031	4.1743
4032	2.5006
918	2.6548
1072	3.2265
1073	1.2555
5462	3.3727
3897	1.6424
2987	3.4024
1075	3.5419
2501	1.9259
1076	2.4115
943	2.0878
5463	2.2204
4034	4.0936
5464	2.1424
2502	2.5594
4035	3.6740
4036	3.6212
5466	2.4533
2503	1.9616
5669	2.0372
3994	2.7080
3288	3.4527
3929	2.6396
3932	2.7596
4037	3.5419
2504	2.7156
3936	2.0878
4038	1.2806
2505	1.9464
1077	1.3411
1078	2.6545
1079	2.0372
976	2.3414
1080	2.4533
4039	1.8548
1081	2.6982
2508	2.2738
4040	2.3414
3289	2.6700
4041	2.6396
566	3.6205
988	3.3914
4042	2.7950
1082	1.7351
2509	1.8548
1083	3.2265
5469	1.5282
2510	2.1542
4043	2.4433
5481	3.7686
4044	2.8014
4045	3.0755
4046	2.3678
5470	3.2685
1086	2.0667
2512	3.0345
2513	3.0987
3005	3.9508
2514	2.5334
4552	2.3414
5472	2.8951
2515	2.5334
1087	1.3657
5473	2.2603
1088	2.9137
617	2.7596
1089	2.5370
925	3.0674
3974	2.9809
5412	3.9089
1090	2.8776
5474	3.4389
1091	3.1504
5475	4.1554
5476	2.8996
2516	2.4722
2517	2.5367
1093	3.0755
2518	2.0878
1816	3.8936
5660	2.0878
5393	1.9464
4049	1.9464
3995	1.6600
1042	2.5006
1094	4.6044
1783	3.0472
2521	1.4356
5479	2.6548
4051	2.3824
2522	3.4714
3853	2.8237
4052	2.2457
2524	3.4024
2525	4.2477
1096	2.3414
4053	1.7959
2526	3.7686
4054	1.6841
2527	3.5442
3085	2.7787
2528	2.6980
4055	2.2877
1970	2.5334
4056	2.8959
1085	2.7449
2530	3.0674
4057	2.7598
4048	2.0226
1097	2.2741
4058	1.9464
620	2.5226
2531	3.2526
1885	2.1425
5482	2.9274
1778	2.7801
2532	2.5334
2533	2.6259
2534	1.8548
2535	2.8511
1098	1.1595
5484	2.5226
1099	3.0674
2536	2.5480
2537	1.8548
2538	2.7596
5485	3.4751
4063	2.8334
3798	2.0878
1100	3.3727
4064	2.5570
3293	2.6396
2540	3.6212
2541	2.1721
1101	3.0674
5486	3.2099
4309	2.0372
5487	2.7596
1102	2.6259
3813	2.8488
2542	3.6740
4067	2.1556
1103	1.9464
4506	2.1287
4069	1.9464
3216	2.4221
1104	3.1148
1919	3.3327
4061	2.5566
3151	1.8548
2543	2.2740
5490	2.3743
1105	3.0774
1150	3.1904
4070	1.8548
5491	3.4024
1352	3.4389
5492	2.1287
4132	3.8277
1156	4.6044
2544	3.5419
5494	3.5058
2545	2.0878
4071	1.9232
2547	3.1387
1108	0.8840
359	1.9796
4072	1.8433
1109	2.3018
2548	3.1856
5496	3.3727
4073	3.4389
4074	3.0755
4157	1.6178
1181	2.8488
2550	2.1594
2551	2.5334
2552	2.1321
4075	3.1367
2553	1.8471
5497	2.4789
5498	2.4056
2016	3.3479
2555	2.2062
2556	1.8548
4078	3.3034
4167	1.9472
1110	1.5776
4062	2.7787
2557	2.4279
1111	0.8690
626	2.6396
1112	2.6548
4079	2.0111
4080	2.7449
5499	2.0486
1201	3.7935
5500	2.5649
5501	2.2514
1113	2.0878
2558	2.0441
2539	2.8014
1114	3.1365
1115	2.7093
4081	1.6948
1393	2.9604
5505	3.6353
1116	4.6532
3560	2.6795
4065	2.5159
1117	2.8211
2560	2.0441
2561	1.8403
2562	2.4751
1215	2.5250
3561	2.9389
3292	2.5649
5506	3.4868
4211	2.5334
1220	2.5074
4215	2.7373
4086	3.2523
4087	1.8008
2563	2.8443
4088	2.8776
1231	1.6032
4561	1.9464
1119	1.8548
2904	2.6356
4257	1.9464
4089	2.6770
1120	3.1148
1121	2.5334
2566	2.2065
1122	2.8488
2567	1.8639
5508	2.1425
5387	2.0667
1123	2.4719
5509	2.8719
1124	2.0667
4090	2.6946
2569	2.4649
627	2.1295
5510	2.0878
5340	2.9604
2570	4.0936
1125	2.9604
2776	1.6853
4091	2.7718
3817	1.8717
2571	2.7369
2572	1.9464
2893	2.0878
4093	3.1367
4995	1.4592
1127	1.9464
2574	3.1512
5161	2.4533
5513	2.1511
1281	2.9272
1128	2.7880
5514	2.7732
1129	2.3671
5515	3.7113
5516	2.7577
1295	2.6396
2575	2.6548
5517	2.0878
2576	3.1464
1130	2.5150
4097	2.0878
2577	2.3414
1131	2.7410
5519	1.8548
1132	2.7883
5520	3.0311
4098	1.6317
4099	2.6103
4068	2.9604
3883	2.6982
1133	3.4902
4100	2.2741
1134	2.1861
4313	2.2341
5522	2.7468
1135	2.0878
1136	2.2928
4101	2.5364
4320	1.9464
1137	3.6205
1138	2.9604
4103	2.7781
4565	1.8147
2579	2.0372
5525	2.5074
4104	3.4530
4106	4.6044
5646	3.7686
2580	1.8858
2581	2.8627
4108	1.8548
5527	2.0664
4109	3.4389
5488	3.1464
2027	4.6532
3820	2.7861
376	3.1367
4110	3.1299
4111	3.2848
4112	2.3541
4113	2.3541
1139	2.0949
2583	2.1199
1473	1.8618
5529	2.5480
1796	1.6824
2584	2.3180
5530	3.5455
4115	2.9604
2585	3.6256
3014	3.3479
1356	2.2457
1358	4.3813
4116	3.8435
4117	2.4435
5531	3.9508
2586	1.4023
5532	1.9464
667	2.7289
1367	2.3103
1402	2.5649
5706	2.9774
2588	2.4496
4119	2.6457
1377	4.6044
4120	3.1367
4624	2.3747
4121	2.3532
5534	2.5480
4393	3.3727
2591	1.8548
4122	2.3678
4123	3.6205
5535	2.9774
4403	3.6145
4124	3.1097
3844	2.0878
2593	2.5907
4806	3.5442
5537	1.5410
2594	4.1743
1145	2.7950
2595	2.5649
1146	2.0878
4125	1.5987
2596	3.2425
1147	2.6620
4421	2.3103
3823	2.7596
2597	2.4212
4504	2.5086
1422	2.7390
5538	1.9464
4126	4.1461
429	1.8548
193	2.2892
3308	2.1279
1149	1.8683
4127	2.3403
1413	2.9625
4128	3.1367
5630	2.6121
5542	2.0878
3257	3.2005
1151	2.0878
4129	4.6044
5543	2.9604
4130	2.7596
1301	2.0664
2601	2.9604
1887	3.6205
2602	2.2341
5544	3.5419
4131	1.9140
2603	2.4496
2604	2.0878
1452	2.5615
5546	2.8916
2605	2.0878
2612	2.5738
2783	1.9556
247	1.5409
1153	2.6191
1154	2.1556
1272	2.6980
4473	2.8211
1155	2.1999
1106	2.8211
2854	2.7950
2028	2.5364
4599	2.0381
3060	2.7449
5550	2.7596
4133	1.7942
745	3.5419
5551	3.2566
5245	2.2301
5552	2.3541
2607	2.8334
2608	3.6537
5493	2.5226
2609	1.9890
2610	3.7266
1158	2.7926
5555	2.0478
2611	2.0161
4135	2.1131
1485	3.1464
861	2.2002
2546	2.8319
4573	1.8618
4136	2.9604
1159	2.7093
5557	3.0334
2837	2.6098
5558	2.9802
4138	3.1773
1160	2.1287
2613	3.7686
4139	3.0182
1163	1.9464
2614	3.1052
1164	2.7801
633	3.4527
1165	1.7458
1166	1.8142
4141	2.6897
1552	2.5480
4142	2.8334
4143	3.0913
1167	1.1337
5563	1.6824
2702	2.1425
2617	3.0345
1532	2.9823
4144	3.0757
4145	2.7073
508	3.5419
5565	2.0800
2618	2.0664
5566	2.9604
5265	2.7073
3286	0.9644
4563	4.6044
4569	3.5130
1168	1.3947
4146	1.8937
4147	3.0245
4148	3.8079
2619	2.5754
4338	3.3340
1170	2.5480
4149	2.7312
2620	2.8488
1571	2.0878
5568	2.9604
4150	2.7093
5569	2.8587
2621	2.3719
3024	2.8211
4151	1.8548
4152	3.0311
4153	1.7923
200	1.9864
1175	1.9602
1176	1.7536
1177	2.5334
2031	3.7177
4155	2.8289
2624	2.0486
3027	3.7686
5572	2.0342
5573	3.2151
5574	3.1367
2626	2.3726
577	2.4435
2627	2.5771
2628	3.3632
2629	4.2639
5194	2.0129
1178	1.8200
5108	2.6396
5575	2.0342
3315	2.9424
1991	3.1367
202	4.6044
1180	3.8936
5576	3.6212
4158	2.7596
2630	1.9464
3127	3.6205
1182	2.5178
1183	3.8936
317	2.8806
5578	3.5102
1185	2.9604
1186	3.2577
2634	1.7663
4076	2.3541
5579	2.2991
1188	2.7950
2635	2.7801
1189	3.1656
2636	2.4316
4159	2.3541
1190	2.0264
4160	3.7686
4161	1.3225
4162	3.2005
5581	3.8079
4163	2.5334
1191	3.4882
2637	1.1782
2638	2.7598
636	3.2577
5584	2.2201
1663	3.7113
2639	2.0664
1325	2.5907
4164	2.5592
4077	3.3479
2640	2.5480
5585	1.7342
4165	3.6145
1673	2.2493
4166	1.6463
5587	2.2077
2642	2.2205
181	2.1019
2643	1.9208
4306	2.3414
1194	1.8808
5588	3.1464
4702	2.2412
1689	2.2341
5589	2.7596
4705	1.6587
2644	3.4812
2646	2.2946
1698	2.7596
2647	2.8615
868	3.3433
4169	3.7686
4170	2.6191
4718	2.4112
4171	3.7686
1327	2.9424
4172	2.0951
4173	2.5480
5593	1.8548
91	3.0334
2650	2.5394
4174	1.7233
5594	1.5410
1196	1.7727
4734	2.6054
2652	3.0609
2653	2.1590
4738	2.9422
5597	2.7930
2654	1.6824
4810	1.9303
5034	2.9604
1198	2.7596
2655	2.2341
5598	2.9274
5599	2.3747
4175	2.5074
1200	2.6585
4176	2.4751
3835	3.2543
5601	1.9464
5507	3.0475
5602	2.5334
4177	1.7764
2657	1.6587
4178	2.3541
2658	2.0878
5604	2.1425
5605	1.7281
2659	1.9227
1202	2.5566
5606	2.8931
2660	2.1696
2924	3.3676
4179	3.5455
4180	2.2082
5607	2.4296
5608	3.6219
4181	1.7793
1204	2.9809
1205	2.1180
3031	2.6059
2559	3.1904
4793	2.5480
4794	1.8365
5502	3.5453
1792	2.9272
4797	2.5217
4182	1.4869
4183	2.7801
5609	2.0147
4184	2.2136
2661	3.1332
3187	1.7285
4185	3.1504
4186	1.1474
1588	3.1365
5610	3.0313
4960	2.3924
5611	2.0517
1811	2.6259
4188	2.6396
1206	2.7596
4823	2.7787
4189	2.6421
4190	3.6205
2664	2.0441
2649	2.5006
4644	2.4649
4832	2.6257
5613	2.8443
5614	2.5334
1563	0.9666
5615	2.5645
4192	2.7596
2666	3.6740
4846	2.6700
641	3.3141
4193	3.0757
3538	3.4400
2667	2.8672
4859	3.6761
5616	2.6057
2668	2.3103
4194	3.4868
1846	1.7536
5617	1.5559
3772	1.8428
4197	3.1148
2669	2.9604
1210	2.1089
4871	2.4279
5620	2.5334
5621	1.9464
4198	2.9604
5623	2.2002
5624	2.7099
4199	1.2769
1870	2.2354
5626	1.4661
5627	1.7924
643	2.8328
3841	3.5372
5628	1.9616
3475	1.8548
2670	2.6555
1211	3.3632
4201	3.1544
5293	2.7950
1306	2.0225
5631	3.0438
2671	2.5480
1212	1.5363
4202	2.1845
4618	1.9464
4203	2.6260
4583	3.3727
4898	1.8548
1213	2.5880
5632	2.3927
2672	2.5754
4926	1.6450
1214	3.3974
3842	3.6205
4815	3.0334
4585	2.8126
4206	1.9325
4083	2.9604
5634	3.0029
5635	2.7236
2673	2.2487
1907	2.3472
5637	1.8660
5638	2.5649
1216	3.8936
2674	2.4433
4918	2.3208
1118	3.9275
4207	1.8683
4208	2.1019
2676	3.4527
4209	1.3508
4210	3.1685
1217	4.6044
4212	2.4056
3131	2.7596
2677	3.4530
2678	3.6205
4689	2.5274
1218	3.0401
4213	3.8936
2680	2.1709
2482	3.2005
4214	2.7781
209	2.3434
2681	3.6212
2682	2.9604
4216	3.5546
4217	2.8271
4950	1.9464
1222	3.8079
1223	2.8750
5640	1.2001
5005	1.8142
1224	2.6624
4218	3.0235
1225	3.1853
5639	3.6886
1226	3.7686
4219	2.4115
1227	2.6545
4220	3.1367
1228	3.0755
5642	3.6740
4221	2.7570
1229	2.9721
4222	3.6705
1230	2.9604
2685	3.5848
2686	3.2685
2687	2.6665
4982	3.1367
5644	3.8936
4223	1.5282
3399	1.9726
4224	3.2577
1981	3.4402
4225	2.8488
2287	2.4533
1232	1.8924
1233	1.9726
4227	3.0862
2689	3.6761
1234	1.6609
2690	2.9128
5647	2.2842
5648	2.6396
5483	2.8522
2691	2.6007
1235	1.5162
1236	1.9230
1237	2.7596
5649	4.2639
3581	2.9604
4229	2.1590
4230	2.3541
5650	2.0558
5015	3.8079
5016	3.5442
2693	2.2646
4232	2.1425
5019	2.8522
4233	2.2109
5651	1.9120
214	2.5226
2564	3.0245
1238	1.9464
1239	1.9464
5526	3.7686
5652	2.4572
2025	2.1019
5653	2.7410
2696	2.0642
1240	3.2685
5654	3.0334
5655	3.8435
5043	3.4836
2697	3.6205
2698	2.5370
1241	2.3747
1242	3.1464
2699	3.1504
5050	2.9274
1243	1.7514
5656	3.3122
4235	3.9601
1244	2.4208
5299	2.3541
4237	2.9604
364	2.5634
3852	1.7787
5300	2.6352
4238	3.5442
2701	2.7596
5629	1.6105
5069	1.9464
5657	3.5419
2075	3.1504
2076	2.5480
1248	2.9604
1249	1.1250
2078	3.0463
4239	2.5550
5659	2.2842
4240	3.6205
3036	2.8793
2806	2.5013
4241	2.0878
2351	1.3947
2703	3.0674
2704	1.8142
4243	3.4389
1250	1.6654
4244	3.2566
4245	2.4868
439	2.1534
4246	2.5480
4645	3.3479
4822	2.3541
2292	1.8286
2707	2.6356
5661	3.3632
3461	3.5266
4247	2.3112
4248	3.1147
2708	2.0667
5662	3.7686
4249	3.3727
4250	3.7089
4251	3.2483
5118	2.4072
1338	3.8079
4252	2.5916
4253	3.4389
3585	2.7373
2710	3.6212
746	3.2005
3935	2.7801
1253	2.9233
4254	1.8594
2712	2.7801
5665	1.2822
5135	3.1464
5666	2.9604
1735	1.8008
4256	3.3727
5137	1.9464
4652	2.8776
2713	4.2197
3041	3.7686
4258	4.0166
5667	1.6824
4259	1.6587
1254	1.2299
4260	4.1321
2716	2.0441
5151	2.4586
2807	3.8435
5153	2.8522
4261	3.2971
1255	2.2457
2717	3.6740
2042	2.6795
5670	2.7596
5671	2.8100
2718	2.5334
1256	2.9604
4263	2.9274
4096	3.0034
5174	2.6409
1257	3.0334
2719	3.9508
2720	2.6953
4264	2.5250
1578	1.8548
5676	3.4465
1126	3.0101
809	3.1148
5678	1.8548
2721	2.7150
5480	1.7923
5679	2.9274
2722	3.6205
1261	3.2839
4266	1.9464
2723	2.5219
1262	3.4389
5680	3.4024
2724	2.1985
2212	1.4255
886	2.4435
1263	2.1388
2726	3.8079
3335	2.0664
1264	4.6532
2727	2.9542
2728	2.9604
2729	2.5074
5221	2.4279
4269	2.3541
5222	3.6740
1265	2.6103
1266	2.5480
2730	1.7281
5227	2.2673
5682	2.4722
2731	2.2498
2732	2.2673
4270	1.9488
1267	2.2842
4271	2.0478
4272	2.6396
5636	3.1211
5685	2.7449
5243	3.2158
2043	3.5442
4827	3.0674
1268	2.8901
5686	2.1533
1269	3.2685
5158	2.5334
2734	2.5219
4274	2.9604
1728	3.7043
5264	4.6532
1270	2.1105
5268	3.2875
5504	1.9464
5690	2.3285
4277	2.7458
5272	1.5465
5691	2.9809
2895	1.8976
4278	2.9743
5277	3.3727
4279	1.8438
2271	2.7093
5279	2.0664
4280	3.4527
4590	3.7686
5695	3.0311
5696	2.2710
1818	2.6665
4282	2.6515
5511	1.8548
1273	2.7373
671	1.8433
1274	2.8271
1275	2.6548
4094	3.0674
1276	3.0245
1277	1.8875
5698	2.0878
1278	3.9601
5512	2.5769
2738	3.5419
4283	2.8793
2739	3.5863
4284	3.2824
5320	3.3878
1279	1.3210
1280	2.5367
5700	4.4019
4285	2.0058
5327	3.5654
2741	2.2341
1074	3.1387
1387	2.6545
2743	1.3126
2744	2.3792
4286	2.0878
4287	3.8142
2337	3.1365
2745	3.7686
2746	2.8488
2343	2.3180
650	3.1148
4195	2.1131
1283	2.7503
2747	1.1729
2354	1.6280
1284	3.1148
2748	2.1670
2749	2.5480
2750	2.2341
4289	3.4389
4290	3.3054
1143	3.6740
5702	3.4882
2368	2.5334
2752	1.8808
4291	3.1464
2280	2.2646
4292	2.2127
4293	2.1251
1285	2.8531
1628	3.8936
1286	3.7686
5705	3.5442
3997	3.7688
4294	2.5226
318	2.6260
1289	2.7458
4295	3.1387
64	3.3901
2755	1.7641
1290	1.5996
2401	2.0379
1291	2.2493
862	2.7801
342	3.5419
5358	1.9738
5708	2.1062
2756	1.9290
4276	3.5419
4296	2.5915
1292	1.5728
1293	3.3828
2869	1.8548
2757	1.9464
1629	3.1399
2758	1.9464
1582	2.1093
2759	2.9100
4297	3.4812
1946	3.8936
2760	2.2928
2442	1.6815
1297	2.0878
5711	3.3727
227	2.0507
2761	2.2341
2565	2.5334
4298	2.6444
5411	1.9464
5712	2.8934
5713	1.6317
5714	3.7686
2763	2.4231
2764	2.7596
5715	3.0674
4299	1.2176
1299	1.4592
5717	1.9464
3260	1.6964
4301	2.7596
4302	2.0161
5718	2.1287
5314	2.5334
2468	2.5159
5432	2.9207
2471	2.7410
5720	3.0334
2766	2.1425
1302	2.5800
1016	3.9112
1303	1.9771
2767	1.9230
4303	2.6280
2768	3.4389
5722	2.9604
1304	1.4717
4304	3.2055
2770	1.8548
1305	2.5364
4305	2.8488
5723	2.7950
2771	2.0664
5725	1.7764
5726	3.0438
4494	3.7407
5727	1.8618
5728	1.8717
1709	2.7596
2520	2.0667
3049	2.5334
1307	2.0866
5729	2.2341
2772	2.6795
1308	3.6205
2312	2.7596
4307	2.5334
1309	1.2130
5694	2.1425
5730	3.0334
4308	1.8548
5226	1.9613
5732	2.3380
3893	2.0359
1310	2.1425
2773	4.6044
5733	3.5453
5734	2.3363
2774	2.0878
1311	1.5068
5735	2.6620
332	1.7820
1312	3.3479
2047	3.8079
3596	2.5334
1313	2.7596
1314	2.0878
4312	3.7266
1315	2.0951
2777	2.7596
1439	3.5419
1316	3.0674
5521	2.0878
2779	2.1287
5737	1.6546
4835	1.7034
2578	2.7801
5738	2.8651
4314	1.8548
2589	1.8433
4316	1.6090
2781	2.8776
2599	2.0878
2782	2.7783
1317	3.4527
5739	2.3541
5740	2.8776
5741	3.5419
4317	2.0664
1318	3.7688
5742	2.0878
5743	1.8976
4318	1.4688
4319	2.6727
2049	2.3918
5744	2.6421
5745	4.6532
3003	3.3476
1319	3.2580
1320	1.7299
2786	1.2226
4321	2.1425
1321	3.8936
2623	2.5480
4322	3.1464
3053	2.5550
194	3.0454
4838	3.3479
2787	1.9425
4323	1.9711
5772	2.4435
4589	3.0334
1323	3.1367
5746	2.4008
5580	2.7801
1324	3.1464
5583	3.3727
4324	1.6587
1326	3.8936
4325	3.5383
5523	3.5266
4326	2.0218
2789	2.0756
2336	3.5442
3603	2.8371
5749	2.0790
2790	1.9769
2791	1.9172
1245	3.2577
2792	2.3541
4329	3.1505
2529	2.7410
4330	1.8433
1329	2.0878
1330	3.5266
2793	2.7596
5750	3.1625
2665	2.2457
4331	3.1464
4332	1.6612
4333	2.3522
4334	3.4530
1331	2.6396
1332	3.2158
2795	1.8548
4335	2.6970
5319	3.5442
457	3.1211
2797	3.4733
2798	3.8936
2799	3.7177
1334	2.7596
2590	2.2928
5754	4.6044
2800	3.6601
1827	2.8426
4336	2.5334
2803	2.8289
2804	2.9604
4337	2.3541
1464	1.9688
5571	2.6257
4339	3.8936
2805	1.9464
2695	3.0674
4340	2.9604
1336	2.1287
5755	1.8548
1337	2.8615
2705	2.1239
4107	2.5649
1339	2.1279
2709	4.2639
5664	4.1321
5341	3.0893
2808	3.0334
2715	1.8406
2809	3.3479
4341	2.2205
5756	1.8715
4342	3.2577
5677	2.6572
661	2.5592
5757	3.9601
4343	2.3896
5758	3.1464
4631	3.1367
4344	3.6635
5684	4.2197
4345	3.2055
5687	2.0734
2735	2.2741
5761	3.1365
5692	1.9464
5762	3.5442
1209	1.6317
5763	3.7013
5224	2.0664
4346	2.3743
5697	2.5649
5764	2.7577
2753	1.9864
5765	3.4810
1342	2.0878
1348	2.4216
2811	1.7385
4347	2.5907
4348	3.5442
5768	3.2005
4349	1.9464
2769	2.5334
5769	3.4527
5724	2.9094
5770	2.1861
2812	2.0878
2012	3.1148
1343	2.5226
4350	3.7501
5736	3.9508
2780	2.6103
1344	3.3914
2813	2.6795
5771	2.3522
2814	3.0253
4351	3.8079
2815	1.9464
2788	2.5649
4352	2.0878
5773	1.9464
4353	1.3324
4354	2.4722
1345	3.7089
3655	3.7686
3876	1.7524
2822	2.2349
2817	3.4530
4355	2.0313
5774	1.5529
2818	3.1464
2819	3.4389
1347	2.7157
5775	3.3727
2820	2.7312
4600	1.4192
4356	2.3874
2821	2.1590
647	2.2284
2582	1.5809
1349	3.5442
4357	3.6205
1350	2.2461
4671	1.9464
